NumberOfAtoms 2671
SpinPolarized yes
#FixSpin .true.
#TotalSpin
NumberOfSpecies 4
MD.TypeOfRun  nose
MD.FinalTimeStep 50
MD.LengthTimeStep 0.5  fs
MD.InitialTemperature 300 K
MD.TargetTemperature  300  K
%block ChemicalSpeciesLabel
1 6 C
2 8 O
3 7 N
4 1 H
%endblock ChemicalSpeciesLabel
PAO.BasisSize dzp
 PAO.EnergyShift 0.02 Ry
MeshCutoff          100 Ry
MaxSCFIterations    100
DM.NumberPulay       3
DM.Tolerance         1e-3
WriteDenchar	.true.
%block ProjectedDensityOfStates
-10.0 10.0 0.200 500 eV
%endblock ProjectedDensityOfStates
NetCharge 0.00
%block BandLines
1  1.000  1.000 1.000  L
20 0.00   0.00   0.00  \Gamma
25 2.00   0.000  0.00  X
30 2.00   2.00   2.00  \Gamma
%endblock BandLines
LongOutput .true.
WriteCoorXmol .true.
LatticeConstant 1 Ang
%block LatticeVectors
  30 0.0 0.0
  0.0 30 0.0
0.0 0.0 30
%endblock LatticeVectors
#UseSaveData .true.
%block kgrid_Monkhorst_Pack
1 0 0 0.0
 0 1 0 0.0
 0 0 1 0.0
%endblock kgrid_Monkhorst_Pack
WriteMDXmol .true.
AtomicCoordinatesFormat Ang
%block AtomicCoordinatesAndAtomicSpecies
49.467941  36.845087 18.191581  1
48.021680  36.503195 18.277781  1
47.387335  35.925092 19.310884  1
48.077510  35.477214 20.581125  1
45.917227  35.622492 19.261640  1
44.955484  36.721619 18.786524  1
43.469522  36.365214 18.988952  1
42.908051  36.373165 20.442247  1
41.448313  35.911313 20.405699  1
43.718823  35.541047 21.453980  1
43.114842  35.387159 22.862868  1
44.065817  34.527807 23.709199  1
43.631526  34.300583 25.169885  1
42.313741  33.524257 25.250250  1
44.729637  33.651134 26.059519  1
45.211566  32.226354 25.710677  1
46.003488  32.116285 24.406804  1
46.357093  30.695910 23.942637  1
45.117773  29.804269 23.823174  1
47.044964  30.790342 22.573035  1
49.591344  37.787838 17.651901  4
49.996436  36.058051 17.647198  4
49.925987  36.969495 19.172552  4
47.440093  36.754893 17.385982  4
49.132262  35.237490 20.424224  4
47.616302  34.570035 20.985183  4
48.007110  36.262200 21.344768  4
45.680928  35.367174 20.280567  4
45.742038  34.697119 18.699078  4
45.110128  36.876324 17.709718  4
45.173093  37.679750 19.271916  4
43.264002  35.403110 18.503674  4
42.887179  37.107779 18.420746  4
42.917894  37.415498 20.785799  4
41.374233  34.849629 20.156468  4
40.874806  36.479443 19.662296  4
40.963970  36.073047 21.373126  4
44.655922  36.076254 21.639298  4
43.919970  34.550971 21.045890  4
42.145090  34.880566 22.793476  4
42.961408  36.368166 23.324114  4
45.074482  34.945282 23.681543  4
44.055406  33.571471 23.189233  4
43.453419  35.297662 25.602377  4
42.383176  32.645387 25.897836  4
41.972675  33.177919 24.270325  4
41.528737  34.166887 25.663995  4
44.328021  33.609136 27.081865  4
45.596802  34.321450 26.116772  4
44.354318  31.548024 25.710961  4
45.865832  31.887558 26.525849  4
46.904735  32.735289 24.475812  4
45.435211  32.519201 23.581833  4
47.059464  30.246590 24.654702  4
44.872513  29.352184 24.789654  4
45.277379  28.987917 23.109138  4
44.241092  30.369195 23.484350  4
46.341835  31.144062 21.801553  4
47.416879  29.813556 22.260987  4
47.888153  31.485078 22.598394  4
34.889061  45.091535 14.094527  1
34.967095  44.031558 15.136809  1
34.196088  42.936288 15.235951  1
33.057955  42.617105 14.290846  1
34.374268  41.947155 16.351782  1
35.791090  41.450341 16.675133  1
35.816475  40.283994 17.682641  1
35.337721  38.884823 17.192237  1
35.371798  37.913217 18.375579  1
33.953041  38.874496 16.517010  1
33.368162  37.494139 16.162086  1
31.994073  37.701088 15.507739  1
31.276048  36.416105 15.052655  1
30.950690  35.503745 16.239010  1
30.020026  36.674663 14.172521  1
28.826012  37.427909 14.797737  1
29.086777  38.902816 15.107566  1
27.983720  39.642032 15.878784  1
27.626607  38.936410 17.190187  1
28.476969  41.062914 16.188130  1
35.895813  45.438549 13.846948  4
34.311397  45.936993 14.477396  4
34.431542  44.735726 13.171671  4
35.740060  44.193169 15.893981  4
32.626388  43.512015 13.835355  4
32.236665  42.115456 14.813131  4
33.407781  41.951734 13.491338  4
33.772220  41.110172 16.041569  4
33.885041  42.314702 17.262305  4
36.356119  42.279964 17.122152  4
36.330433  41.162262 15.765685  4
35.270296  40.581166 18.586385  4
36.864180  40.165967 18.001653  4
36.070057  38.534264 16.453743  4
34.599305  38.155294 19.110038  4
36.346122  37.941908 18.879762  4
35.217405  36.883792 18.039263  4
34.062683  39.359436 15.541431  4
33.234358  39.414953 17.132356  4
33.240731  36.903035 17.076540  4
34.042148  36.952746 15.490297  4
32.077668  38.397073 14.670439  4
31.413227  38.161777 16.304880  4
31.983398  35.874722 14.404967  4
29.896228  35.214245 16.269041  4
31.185896  35.969179 17.200561  4
31.535516  34.579955 16.168438  4
29.644596  35.691214 13.856089  4
30.321084  37.180944 13.246442  4
28.489858  36.890359 15.688269  4
27.992379  37.381285 14.083431  4
29.329354  39.431632 14.179297  4
29.955117  39.010505 15.740215  4
27.088124  39.713570 15.250262  4
26.882817  38.152003 17.016695  4
27.202993  39.635768 17.920394  4
28.504395  38.470487 17.653781  4
29.317716  41.042720 16.900471  4
27.678980  41.659064 16.632679  4
28.819690  41.570873 15.283260  4
29.844199  29.756567 32.338211  1
30.472899  30.979838 32.907716  1
30.032972  31.705682 33.948635  1
28.759221  31.405169 34.708703  1
30.761310  32.933145 34.415612  1
32.281770  32.854138 34.617416  1
32.874605  34.101029 35.302902  1
32.590410  34.304228 36.821232  1
33.202402  35.637903 37.259699  1
31.103455  34.229424 37.217142  1
30.758735  34.583639 38.676298  1
29.239879  34.452612 38.863454  1
28.719954  34.737668 40.285517  1
28.987264  36.187152 40.701735  1
27.229198  34.349693 40.500458  1
26.150764  35.089786 39.679978  1
26.160804  34.784999 38.181197  1
25.214674  35.623332 37.309425  1
25.445395  37.126363 37.490738  1
25.451589  35.250012 35.838915  1
30.622174  29.057391 32.020139  4
29.240680  30.028548 31.468226  4
29.215013  29.236595 33.060252  4
31.385774  31.302284 32.398217  4
28.021160  30.876910 34.099773  4
28.271842  32.325529 35.046858  4
28.983504  30.795705 35.593326  4
30.294114  33.156299 35.359627  4
30.508327  33.787330 33.775415  4
32.758573  32.766194 33.631373  4
32.563836  31.956638 35.179473  4
32.582440  34.993128 34.735297  4
33.968357  34.031294 35.192327  4
33.117602  33.504842 37.357546  4
32.660856  36.483773 36.828411  4
34.252914  35.708906 36.950321  4
33.183880  35.735859 38.349067  4
30.796354  33.181741 37.133518  4
30.508814  34.854867 36.551956  4
31.054040  35.619077 38.882536  4
31.294820  33.925793 39.368046  4
28.904598  33.466503 38.535384  4
28.846519  35.211544 38.189406  4
29.294336  34.088523 40.964955  4
28.085274  36.695714 41.054413  4
29.398456  36.787155 39.884761  4
29.711142  36.210023 41.523846  4
27.002161  34.531479 41.560485  4
27.109708  33.267695 40.360534  4
26.233746  36.163893 39.865488  4
25.169520  34.789718 40.073008  4
25.981550  33.715321 38.026817  4
27.135422  34.981325 37.759968  4
24.176407  35.382478 37.566799  4
24.877628  37.503781 38.347368  4
25.123939  37.691606 36.608175  4
26.503671  37.358082 37.660651  4
26.453610  35.567431 35.507418  4
24.718538  35.737800 35.195096  4
25.376812  34.170597 35.685480  4
3.269096  31.397121 3.489857  1
4.595431  30.882994 3.928605  1
5.588722  31.587177 4.495524  1
5.527904  33.077865 4.749691  1
6.889216  30.942795 4.881135  1
6.852060  29.626224 5.671087  1
8.233954  29.185265 6.192631  1
8.857336  29.985054 7.375472  1
10.253172  29.424638 7.663667  1
8.913753  31.510412 7.166968  1
9.666251  32.326048 8.235576  1
9.610638  33.810200 7.844019  1
10.288414  34.781752 8.829185  1
11.793228  34.516829 8.934294  1
9.993591  36.280934 8.538307  1
10.487012  36.882412 7.204626  1
9.774790  36.354533 5.958261  1
10.346611  36.803424 4.605683  1
11.837504  36.478848 4.474924  1
9.573858  36.085177 3.489946  1
2.499780  30.645986 3.687873  4
3.293735  31.598555 2.415659  4
2.979418  32.306088 4.016596  4
4.751665  29.814924 3.750504  4
4.858995  33.595297 4.057296  4
6.511766  33.542362 4.626374  4
5.187834  33.271448 5.774965  4
7.373141  31.696141 5.479067  4
7.532960  30.836986 3.999159  4
6.486054  28.832348 5.005385  4
6.144523  29.681470 6.506140  4
8.934871  29.137911 5.350106  4
8.123256  28.145024 6.537634  4
8.233909  29.793253 8.258158  4
10.950786  29.663011 6.856642  4
10.222436  28.333844 7.780086  4
10.652346  29.833390 8.596535  4
7.888213  31.887249 7.239113  4
9.334921  31.737367 6.188010  4
10.714496  32.006940 8.270555  4
9.222099  32.166736 9.223510  4
8.576113  34.115145 7.673079  4
10.155112  33.832533 6.901628  4
9.848721  34.581563 9.818898  4
12.390701  35.417747 8.767038  4
12.135711  33.763996 8.218420  4
12.036825  34.151642 9.938130  4
10.467466  36.860922 9.342860  4
8.917154  36.468178 8.642229  4
11.569061  36.746620 7.128888  4
10.320460  37.967673 7.247308  4
8.706834  36.590014 6.023018  4
9.833939  35.277301 5.914327  4
10.199597  37.883929 4.491024  4
12.446233  37.274097 4.917241  4
12.136838  36.380818 3.424905  4
12.095115  35.539211 4.978147  4
9.774047  35.001490 3.505445  4
9.870484  36.463960 2.510997  4
8.495596  36.225919 3.598631  4
20.685140  34.757972 3.808443  1
19.307536  34.212566 3.664469  1
18.707639  33.310471 4.458350  1
19.378093  32.652429 5.644909  1
17.308902  32.833869 4.190778  1
16.219030  33.876739 3.902046  1
14.797254  33.282523 3.862773  1
14.151214  32.844781 5.211252  1
12.786783  32.213854 4.918443  1
15.016824  31.900805 6.067408  1
14.356959  31.313599 7.329631  1
15.375422  30.404574 8.033565  1
14.891026  29.756988 9.344989  1
13.708305  28.814454 9.103124  1
16.019005  29.057923 10.156192  1
16.738586  27.847473 9.522980  1
17.618349  28.180706 8.317030  1
18.217999  26.986375 7.560760  1
17.143200  25.994819 7.105973  1
18.967376  27.518038 6.330450  1
20.693406  35.814630 3.527961  4
21.363270  34.214244 3.145433  4
21.055548  34.689990 4.831069  4
18.750983  34.601315 2.806550  4
20.465097  32.605736 5.540840  4
19.039814  31.618491 5.769359  4
19.138053  33.200603 6.564798  4
17.051825  32.298458 5.088821  4
17.316156  32.066869 3.406468  4
16.414976  34.319434 2.915646  4
16.253323  34.700468 4.624037  4
14.775491  32.456600 3.141140  4
14.142924  34.059029 3.435839  4
13.976468  33.757009 5.795963  4
12.895305  31.250422 4.413668  4
12.179428  32.869025 4.281104  4
12.223282  32.057279 5.842895  4
15.845270  32.493318 6.469341  4
15.395440  31.083625 5.454124  4
13.484570  30.714608 7.043242  4
14.023452  32.115058 7.996789  4
16.306192  30.948155 8.208617  4
15.547261  29.619443 7.299336  4
14.532493  30.577799 9.985819  4
13.873360  27.817703 9.522466  4
13.487815  28.685503 8.039505  4
12.808102  29.218304 9.579494  4
15.565428  28.703511 11.092627  4
16.765455  29.802875 10.460224  4
15.999548  27.081572 9.273532  4
17.385204  27.404637 10.293132  4
18.405672  28.878155 8.623399  4
17.047090  28.699094 7.561521  4
18.935784  26.470416 8.209467  4
16.911329  25.283085 7.904903  4
17.472954  25.416100 6.235285  4
16.212072  26.503026 6.828052  4
18.267516  27.957440 5.601194  4
19.506207  26.712339 5.830134  4
19.688382  28.291228 6.607212  4
39.990387  19.072189 13.524445  1
40.577396  19.906063 14.608911  1
39.924672  20.472523 15.637002  1
38.427543  20.381659 15.838986  1
40.641246  21.305212 16.660897  1
41.933728  20.755532 17.282272  1
42.449316  21.595425 18.467527  1
41.663087  21.522928 19.810647  1
42.304264  22.494000 20.806332  1
40.149775  21.784955 19.689803  1
39.358658  21.883715 21.008067  1
37.883654  22.149439 20.672105  1
36.934198  22.241704 21.882007  1
37.291832  23.423347 22.788382  1
35.426586  22.253684 21.499852  1
34.889457  23.433971 20.661784  1
35.400250  23.484988 19.221010  1
35.020795  24.730958 18.407670  1
35.442638  26.025848 19.108038  1
35.714573  24.647474 17.040338  1
40.686123  18.271866 13.258557  4
39.816395  19.692799 12.641465  4
39.052618  18.602813 13.820859  4
41.657160  20.063052 14.529112  4
37.885093  20.235523 14.901447  4
38.029676  21.301355 16.280361  4
38.188505  19.550533 16.514559  4
39.906309  21.432643 17.437340  4
40.808658  22.317471 16.272581  4
42.718212  20.760898 16.512913  4
41.813810  19.712280 17.595676  4
42.561115  22.637752 18.144367  4
43.471947  21.245654 18.680291  4
41.793874  20.507534 20.206187  4
42.129946  23.533106 20.515386  4
43.387828  22.332497 20.870632  4
41.899806  22.344903 21.811740  4
39.706807  20.914132 19.195443  4
39.973314  22.686361 19.103648  4
39.742942  22.718813 21.605400  4
39.465956  20.962694 21.590193  4
37.517589  21.399118 19.968210  4
37.918328  23.120287 20.180878  4
37.082520  21.320727 22.467447  4
36.434991  24.073294 22.988369  4
38.081665  24.050461 22.364799  4
37.647943  23.054311 23.756569  4
34.859079  22.248389 22.441212  4
35.168781  21.310446 21.001439  4
35.095620  24.369909 21.187637  4
33.795089  23.343465 20.622811  4
35.095786  22.573418 18.695161  4
36.479800  23.487022 19.200363  4
33.936137  24.742387 18.247555  4
34.677520  26.345266 19.823011  4
35.584335  26.842802 18.390919  4
36.384604  25.903883 19.656070  4
36.808136  24.734396 17.146434  4
35.378705  25.454933 16.388412  4
35.502934  23.697031 16.544216  4
30.967694  18.330607 12.810902  1
30.837656  19.649688 13.488475  1
29.913515  20.594428 13.249044  1
28.843829  20.478036 12.184773  1
29.903761  21.894009 14.001510  1
30.030023  21.858964 15.531737  1
29.787184  23.227522 16.198191  1
28.327782  23.771497 16.238430  1
28.343055  25.168327 16.866212  1
27.607080  23.792629 14.876991  1
26.224107  24.470362 14.838248  1
25.682105  24.389347 13.403400  1
24.280318  24.991759 13.189076  1
24.266426  26.497211 13.470355  1
23.660980  24.666778 11.799872  1
24.366815  25.203691 10.535963  1
25.724567  24.565959 10.237382  1
26.530154  25.186521 9.086781  1
26.743177  26.690782 9.279211  1
27.895873  24.487885 9.018842  1
31.285898  17.575360 13.534511  4
31.721212  18.399166 12.021856  4
30.027526  17.990159 12.377579  4
31.594643  19.845384 14.253705  4
29.141759  19.827068 11.358900  4
28.619865  21.452470 11.738377  4
27.917671  20.085171 12.623176  4
28.953821  22.327267 13.738574  4
30.645895  22.580852 13.576107  4
31.052068  21.547785 15.788543  4
29.358878  21.112091 15.970738  4
30.460169  23.967899 15.748403  4
30.118010  23.131578 17.244485  4
27.756991  23.113664 16.906290  4
28.821279  25.895351 16.204762  4
28.884438  25.164327 17.820789  4
27.326231  25.511548 17.078175  4
27.385709  22.754201 14.609398  4
28.246683  24.251944 14.123874  4
26.323709  25.524787 15.121335  4
25.539151  23.985690 15.541520  4
25.700352  23.355352 13.052721  4
26.404227  24.976105 12.838327  4
23.617438  24.512659 13.926634  4
23.845599  27.075039 12.642333  4
25.266449  26.894574 13.666790  4
23.650510  26.704568 14.352420  4
22.644657  25.085507 11.798142  4
23.526839  23.581633 11.704773  4
24.447855  26.291616 10.605652  4
23.710326  25.003475 9.677890  4
25.593707  23.489682 10.080290  4
26.383299  24.658756 11.087864  4
26.003080  25.013261 8.141041  4
25.888344  27.254650 8.892001  4
27.636102  27.041310 8.748583  4
26.866859  26.952282 10.336960  4
28.502370  24.718939 9.909609  4
28.454030  24.818379 8.141893  4
27.785002  23.402065 8.964319  4
23.651416  16.288233 28.404396  1
24.126165  14.885343 28.254380  1
25.380438  14.433931 28.418468  1
26.559411  15.321250 28.754830  1
25.727283  12.985928 28.223036  1
24.845133  11.921450 28.891964  1
25.427078  10.497048 28.799760  1
26.666574  10.156186 29.680013  1
27.114721  8.726672 29.362000  1
27.844753  11.139927 29.547639  1
29.148892  10.756978 30.272906  1
30.190400  11.855971 30.014855  1
31.554398  11.651292 30.701484  1
32.258761  10.391883 30.188201  1
32.487459  12.893683 30.631208  1
32.967812  13.375487 29.245181  1
31.874401  13.970215 28.356309  1
32.278195  14.308017 26.913814  1
32.878377  13.101293 26.186622  1
31.028095  14.782043 26.158536  1
22.653288  16.292891 28.850468  4
23.597609  16.761711 27.420522  4
24.299106  16.880599 29.050296  4
23.348815  14.168996 27.972467  4
26.422311  16.350062 28.412286  4
27.476564  14.961329 28.277089  4
26.724467  15.332904 29.839694  4
26.725536  12.912887 28.619763  4
25.840032  12.766837 27.154031  4
23.870727  11.909283 28.384282  4
24.645467  12.169771 29.940509  4
25.627418  10.260850 27.747404  4
24.623486  9.808047 29.104555  4
26.334069  10.174895 30.725801  4
27.543202  8.659166 28.358694  4
26.271016  8.027542 29.422894  4
27.864660  8.384227 30.081017  4
27.547837  12.071947 30.039700  4
28.065001  11.318123 28.495505  4
29.526670  9.808641 29.873141  4
28.969660  10.634138 31.345962  4
29.781170  12.832015 30.283786  4
30.331698  11.807245 28.936564  4
31.346321  11.499184 31.772234  4
33.278564  10.591158 29.846304  4
31.724249  9.924153 29.356302  4
32.328630  9.651416 30.992698  4
33.388032  12.649241 31.212126  4
32.019414  13.732300 31.162464  4
33.485175  12.555478 28.740280  4
33.724058  14.155842 29.407940  4
31.440737  14.846299 28.850866  4
31.060715  13.270831 28.235337  4
33.009272  15.125126 26.924335  4
33.950351  13.019531 26.393514  4
32.758529  13.186367 25.100275  4
32.403891  12.162344 26.496060  4
30.305145  13.959247 26.035890  4
31.293099  15.142634 25.163773  4
30.523736  15.591285 26.692407  4
12.790114  12.057863 15.410825  1
13.273753  13.353005 14.858837  1
12.665478  14.116835 13.936632  1
11.363773  13.746327 13.259330  1
13.272891  15.403325 13.455795  1
13.798542  16.402844 14.496669  1
14.192219  17.765644 13.893447  1
13.048834  18.714105 13.423901  1
13.675183  19.959390 12.789527  1
12.025419  18.070840 12.468806  1
10.971745  19.010055 11.851485  1
10.058272  18.182018 10.935494  1
8.915398  18.962229 10.258034  1
9.453867  20.039935 9.312361  1
7.867532  18.056409 9.550541  1
8.328976  17.190681 8.358262  1
9.279300  16.048808 8.722063  1
9.888906  15.269786 7.547561  1
10.608607  16.190613 6.557955  1
10.890914  14.250820 8.109328  1
13.041138  11.994230 16.472993  4
13.278508  11.232930 14.885429  4
11.709575  11.945604 15.324679  4
14.233909  13.689522 15.261030  4
11.201882  12.666044 13.222361  4
11.343738  14.092555 12.220737  4
10.519867  14.208582 13.787015  4
12.473821  15.864125 12.900471  4
14.045698  15.197199 12.704953  4
14.699814  15.978845 14.960666  4
13.075083  16.554224 15.305783  4
14.912332  17.602170 13.082219  4
14.751069  18.306023 14.673870  4
12.507645  19.036036 14.322821  4
14.155823  19.720479 11.837328  4
14.428909  20.401776 13.453245  4
12.918004  20.728292 12.610272  4
11.423930  17.371520 13.058811  4
12.543158  17.545320 11.666918  4
11.471935  19.779936 11.252349  4
10.391090  19.504688 12.636878  4
9.652911  17.327866 11.481902  4
10.742906  17.828154 10.166658  4
8.366002  19.474985 11.063133  4
9.025032  19.969788 8.308477  4
10.541349  19.994514 9.203501  4
9.202895  21.033425 9.700149  4
7.075629  18.719260 9.174020  4
7.378148  17.414688 10.294365  4
8.763994  17.838197 7.592438  4
7.433078  16.744883 7.904408  4
8.778590  15.367446 9.418634  4
10.141354  16.425933 9.251682  4
9.094860  14.724656 7.023563  4
9.902734  16.600871 5.828538  4
11.383578  15.652894 5.999359  4
11.094894  17.032493 7.065179  4
11.760120  14.758141 8.558547  4
11.260008  13.597391 7.317744  4
10.433645  13.627503 8.881760  4
23.973063  25.388018 29.119568  1
24.176587  26.314740 27.972505  1
24.326572  27.648328 28.026784  1
24.269664  28.452485 29.307621  1
24.513278  28.470229 26.783872  1
25.546699  28.009209 25.745476  1
25.799940  29.044205 24.631593  1
26.602751  30.328513 24.996872  1
26.656550  31.238791 23.766434  1
26.071884  31.097187 26.221902  1
26.731983  32.456106 26.523641  1
26.063324  33.056419 27.769288  1
26.629705  34.410264 28.238501  1
26.421800  35.502152 27.184815  1
26.111004  34.860177 29.634067  1
24.602163  35.141171 29.802552  1
23.703604  33.906949 29.709645  1
22.189923  34.165238 29.707110  1
21.774379  35.140438 28.601888  1
21.469643  32.825724 29.495468  1
24.503711  24.450459 28.933401  4
22.907031  25.171555 29.228212  4
24.351563  25.795433 30.056765  4
24.193981  25.829358 26.992197  4
23.666501  27.969518 30.080618  4
23.818114  29.435761 29.139634  4
25.282645  28.607353 29.700296  4
24.805226  29.434343 27.163984  4
23.544425  28.647526 26.300783  4
25.170580  27.096336 25.263235  4
26.497075  27.740169 26.220214  4
24.842426  29.309705 24.166777  4
26.371571  28.526864 23.844840  4
27.629747  30.013468 25.221834  4
25.673589  31.660878 23.541918  4
27.002889  30.686386 22.883695  4
27.358538  32.063234 23.921892  4
26.308672  30.500263 27.108782  4
24.995089  31.239211 26.134770  4
26.579124  33.134908 25.676450  4
27.808650  32.333690 26.680055  4
26.087009  32.338106 28.591432  4
25.034317  33.202049 27.445270  4
27.715551  34.270788 28.358601  4
25.930363  36.390469 27.592225  4
25.818620  35.157624 26.339826  4
27.390769  35.824670 26.787990  4
26.637497  35.791998 29.884593  4
26.429917  34.134697 30.393376  4
24.297819  35.906685 29.083964  4
24.455338  35.584348 30.797232  4
23.973251  33.200778 30.502606  4
23.873472  33.382187 28.781406  4
21.890290  34.571627 30.680413  4
21.879982  36.176120 28.940751  4
20.727751  34.994841 28.310130  4
22.385997  35.017997 27.699976  4
21.663155  32.428525 28.485776  4
20.391081  32.947410 29.603645  4
21.803255  32.076221 30.217422  4
15.644857  30.606824 18.833755  1
16.380521  29.808010 19.851933  1
17.554442  29.175790 19.690363  1
18.322196  29.141838 18.386580  1
18.184357  28.389546 20.804022  1
18.282877  29.033490 22.194848  1
19.138703  28.221437 23.186923  1
20.682950  28.210657 22.980606  1
21.309781  27.280780 24.023625  1
21.143708  27.828307 21.561139  1
22.659291  27.646811 21.352561  1
22.906872  27.266957 19.885069  1
24.383974  27.080616 19.488472  1
25.028491  25.919125 20.250858  1
24.612893  26.951652 17.955486  1
23.995137  25.743705 17.218475  1
22.468119  25.754910 17.132276  1
21.809390  24.493960 16.554320  1
22.234245  23.227762 17.303619  1
20.285459  24.653024 16.655460  1
15.167158  31.464733 19.314439  4
14.870605  29.986788 18.374218  4
16.300733  30.994190 18.054421  4
15.883422  29.740413 20.824160  4
17.674037  29.256781 17.514075  4
18.841365  28.186658 18.256024  4
19.074059  29.941077 18.371444  4
19.177695  28.191769 20.438784  4
17.716752  27.399875 20.877381  4
17.271024  29.102846 22.617580  4
18.664511  30.058974 22.133914  4
18.751252  27.196353 23.236545  4
18.955864  28.650059 24.185040  4
21.042312  29.227574 23.183881  4
21.062539  26.235203 23.822583  4
20.958221  27.528843 25.033179  4
22.398962  27.382170 24.031780  4
20.897911  28.667228 20.901790  4
20.631400  26.923998 21.234006  4
23.024212  26.837256 21.995465  4
23.195443  28.565107 21.613208  4
22.432940  27.995024 19.223433  4
22.397489  26.309241 19.793629  4
24.907351  28.002154 19.788109  4
25.514325  25.198931 19.586111  4
24.305458  25.364354 20.855823  4
25.799774  26.302023 20.928279  4
25.699536  26.897398 17.798916  4
24.295161  27.877842 17.459708  4
24.358403  24.820203 17.676938  4
24.385453  25.745554 16.191343  4
22.141692  26.646140 16.585167  4
22.032528  25.840878 18.116516  4
22.079776  24.396737 15.496167  4
23.174011  22.837077 16.900104  4
21.482283  22.435332 17.212191  4
22.381309  23.418018 18.373521  4
19.957469  24.653725 17.707654  4
19.778235  23.830330 16.149790  4
19.952351  25.590112 16.202497  4
11.529205  5.381906 23.758227  1
10.715196  6.625124 23.846482  1
9.838515  7.084133 22.938385  1
9.560450  6.404351 21.615121  1
9.087938  8.367793 23.148287  1
8.399931  8.604911 24.500762  1
7.487159  9.846981 24.514583  1
6.139043  9.771221 23.737265  1
5.447713  11.135173 23.821974  1
6.261635  9.311301 22.272061  1
4.980655  9.375782 21.418614  1
5.313662  8.883071 20.002471  1
4.129463  8.846613 19.017491  1
3.566381  10.248047 18.763290  1
4.441657  8.108482 17.684534  1
5.528783  8.693128 16.757015  1
6.954859  8.606706 17.303073  1
8.040992  9.322841 16.487341  1
7.708254  10.799925 16.257740  1
9.369377  9.217304 17.250328  1
11.611666  4.925382 24.748202  4
12.532737  5.628195 23.401367  4
11.086500  4.640153 23.093845  4
10.875188  7.210793 24.756590  4
10.408114  5.812585 21.260346  4
9.350441  7.136703 20.828669  4
8.687675  5.745384 21.706408  4
8.340219  8.348949 22.373822  4
9.725968  9.222943 22.893100  4
9.176363  8.762125 25.262205  4
7.828377  7.725200 24.817638  4
8.067586  10.719976 24.191533  4
7.233913  10.040154 25.569066  4
5.505154  9.044678 24.261576  4
5.984749  11.888952 23.240436  4
5.388025  11.481682 24.861540  4
4.421943  11.076240 23.446495  4
6.501617  8.243037 22.284909  4
7.049138  9.872550 21.769978  4
4.629753  10.412782 21.360570  4
4.189323  8.766497 21.867197  4
5.789741  7.901396 20.048491  4
6.035398  9.619472 19.653385  4
3.336578  8.255999 19.502721  4
3.503161  10.488102 17.697937  4
4.165990  11.031137 19.236334  4
2.551375  10.319798 19.169495  4
3.507647  8.087687 17.105360  4
4.674646  7.056902 17.895418  4
5.265359  9.722659 16.500736  4
5.499833  8.129678 15.814127  4
7.220513  7.555591 17.460427  4
7.018479  9.072440 18.275133  4
8.155311  8.822325 15.518494  4
7.067297  10.919342 15.378233  4
8.613717  11.394150 16.088081  4
7.185292  11.237559 17.116520  4
9.332502  9.793723 18.188984  4
10.190332  9.611768 16.650131  4
9.600174  8.180096 17.505677  4
9.749250  19.006944 0.632180  1
8.834843  20.041049 1.189384  1
9.105316  21.343046 1.377918  1
10.446224  21.978197 1.079590  1
8.089351  22.280735 1.964232  1
6.660495  22.262616 1.401376  1
5.779368  23.412102 1.928994  1
6.066326  24.851392 1.406042  1
5.131499  25.828818 2.124522  1
7.532967  25.305640 1.532540  1
7.833705  26.774788 1.179558  1
9.336833  27.024282 1.373148  1
9.823145  28.444804 1.027517  1
9.186347  29.495114 1.942412  1
11.371363  28.588142 0.988124  1
12.165114  28.355486 2.291878  1
12.170286  26.910335 2.792732  1
12.807567  26.668774 4.168767  1
12.180311  27.546623 5.255570  1
12.615081  25.191220 4.539817  1
9.180191  18.307788 0.013620  4
10.213671  18.451840 1.451483  4
10.529958  19.435659 0.004259  4
7.845963  19.669289 1.473663  4
11.272345  21.265417 1.143282  4
10.676246  22.775001 1.794533  4
10.439595  22.416916 0.073712  4
8.520029  23.252823 1.794538  4
8.067395  22.177037 3.056133  4
6.181402  21.320285 1.701112  4
6.662853  22.274507 0.305553  4
5.787939  23.393763 3.025793  4
4.743266  23.172021 1.642226  4
5.805099  24.865000 0.340136  4
5.398550  25.930300 3.179587  4
4.088969  25.491292 2.065048  4
5.172562  26.819114 1.661607  4
8.112622  24.745360 0.791575  4
7.900934  25.101458 2.537607  4
7.274408  27.435980 1.851780  4
7.532116  26.991731 0.149682  4
9.915304  26.286438 0.813315  4
9.474347  26.858320 2.440199  4
9.481817  28.651580 0.001029  4
9.928594  30.142178 2.418835  4
8.588525  29.046090 2.740858  4
8.522916  30.142871 1.358752  4
11.588191  29.615648 0.663369  4
11.777731  27.943395 0.198349  4
11.798077  29.039330 3.061713  4
13.208100  28.644727 2.102484  4
12.629978  26.265238 2.035958  4
11.160941  26.546034 2.912586  4
13.882734  26.876050 4.111308  4
12.661023  28.529869 5.283158  4
12.292522  27.097557 6.249300  4
11.108162  27.701466 5.085174  4
11.550203  24.961572 4.707112  4
13.154859  24.951210 5.456791  4
12.977182  24.531594 3.747323  4
19.315520  17.891052 5.160326  1
19.905156  19.251005 5.023038  1
21.209818  19.565196 4.967898  1
22.327548  18.551187 5.081547  1
21.671537  20.988452 4.839967  1
21.015831  21.881739 3.776551  1
21.721812  23.240251 3.597338  1
23.108646  23.254524 2.887502  1
23.649519  24.687289 2.898403  1
24.144790  22.275324 3.471409  1
25.576131  22.368283 2.909215  1
26.446976  21.320684 3.618640  1
27.912826  21.249342 3.149559  1
28.658428  22.556500 3.434361  1
28.690540  20.019448 3.698738  1
28.903408  19.904662 5.223683  1
27.632537  19.640176 6.032557  1
27.776557  19.683619 7.560733  1
28.381966  21.004515 8.044389  1
26.384356  19.508111 8.184325  1
18.401189  17.824891 4.564605  4
19.064881  17.706839 6.208338  4
19.988328  17.107922 4.811577  4
19.172728  20.062042 4.971366  4
22.034265  17.664255 5.648930  4
23.194360  18.972020 5.601630  4
22.652461  18.235342 4.082056  4
22.720387  20.891262 4.617025  4
21.643646  21.482665 5.818976  4
19.982507  22.089502 4.087087  4
20.952152  21.370193 2.809472  4
21.784318  23.741148 4.571285  4
21.049367  23.867152 2.990546  4
22.937791  22.972198 1.840753  4
23.926205  24.999218 3.908809  4
22.901853  25.392591 2.513858  4
24.530898  24.776097 2.256572  4
23.830505  21.264095 3.192871  4
24.183898  22.376939 4.555565  4
25.985544  23.365281 3.109832  4
25.574761  22.205366 1.826571  4
25.984006  20.334503 3.544075  4
26.428067  21.652081 4.655399  4
27.885788  21.116884 2.056553  4
29.588639  22.397178 3.987466  4
28.055853  23.263709 4.011673  4
28.925470  23.044947 2.490699  4
29.688973  20.042665 3.239562  4
28.223637  19.097489 3.329183  4
29.420844  20.798645 5.581539  4
29.590449  19.065783 5.401469  4
27.190001  18.690152 5.713511  4
26.886939  20.393353 5.826002  4
28.412046  18.852308 7.888339  4
29.475521  20.962891 8.012398  4
28.091233  21.225157 9.078093  4
28.059694  21.850605 7.425693  4
25.740510  20.374870 7.963227  4
26.457198  19.416273 9.268790  4
25.885196  18.615823 7.798408  4
15.511329  23.652024 22.647402  1
16.182283  22.406823 23.111391  1
17.480588  22.254236 23.419643  1
18.511376  23.355913 23.300338  1
18.032895  20.931080 23.866213  1
17.284542  20.152366 24.958155  1
18.062504  18.928393 25.480406  1
19.305102  19.184364 26.384736  1
19.959466  17.838466 26.710074  1
20.338441  20.167154 25.801890  1
21.656433  20.327238 26.583369  1
22.542946  21.338345 25.841158  1
23.896677  21.648452 26.508306  1
24.787840  20.404709 26.576343  1
24.649135  22.853603 25.875456  1
25.106889  22.744981 24.404876  1
23.973732  22.731479 23.377688  1
24.377847  22.459445 21.921447  1
25.166226  21.154512 21.777168  1
23.101694  22.374836 21.071640  1
14.506985  23.709882 23.075430  4
15.427252  23.636042 21.557558  4
16.046452  24.551619 22.950650  4
15.523115  21.537521 23.193325  4
18.244400  24.101459 22.547032  4
19.486305  22.957087 23.001334  4
18.634219  23.862790 24.265892  4
19.016712  21.180103 24.225833  4
18.213340  20.285975 22.997442  4
16.340188  19.782584 24.535290  4
17.014740  20.802257 25.798289  4
18.331417  18.287708 24.631533  4
17.352533  18.335617 26.078688  4
18.935990  19.610246 27.326523  4
20.428840  17.401292 25.825007  4
19.219952  17.124635 27.094645  4
20.723612  17.953608 27.484338  4
19.896925  21.168188 25.845915  4
20.569215  19.897652 24.771666  4
22.176939  19.363375 26.627107  4
21.457773  20.660850 27.607039  4
21.992136  22.265321 25.668596  4
22.728198  20.844622 24.888809  4
23.673641  21.950978 27.543522  4
25.781440  20.576589 26.152293  4
24.353982  19.550718 26.048141  4
24.931497  20.107437 27.621035  4
25.553613  23.016860 26.478378  4
24.049906  23.764575 26.000483  4
25.751381  21.869002 24.293988  4
25.740510  23.616213 24.188467  4
23.404612  23.664593 23.452357  4
23.270475  21.942328 23.597977  4
24.986884  23.293381 21.552836  4
26.231013  21.323380 21.967769  4
25.074674  20.739330 20.766726  4
24.816643  20.388074 22.479222  4
22.505509  21.488082 21.341684  4
23.349247  22.298773 20.012047  4
22.470536  23.255719 21.212901  4
12.889960  35.065525 23.732820  1
13.073156  33.613222 24.003460  1
12.358268  32.598374 23.490705  1
11.184319  32.782096 22.553400  1
12.642325  31.170669 23.859728  1
14.095669  30.675742 23.819696  1
14.229125  29.151083 24.003236  1
13.786239  28.232230 22.825551  1
13.929562  26.771695 23.263468  1
12.367769  28.504934 22.289872  1
11.825777  27.519106 21.237339  1
10.409398  27.960897 20.840087  1
9.724762  27.100707 19.760648  1
9.507107  25.663112 20.241942  1
8.411224  27.718840 19.202429  1
7.221819  27.913854 20.167431  1
7.433805  28.981023 21.242398  1
6.343918  29.089416 22.318663  1
6.092412  27.751371 23.019799  1
6.790166  30.127923 23.358019  1
13.864889  35.559152 23.699496  4
12.297679  35.513630 24.534997  4
12.397758  35.252850 22.778758  4
13.879345  33.378636 24.704838  4
10.688654  33.747305 22.684828  4
10.416613  32.020240 22.724143  4
11.518040  32.699346 21.511243  4
12.061597  30.608904 23.148103  4
12.188988  30.935500 24.830638  4
14.647455  31.152816 24.641457  4
14.595529  30.979549 22.892972  4
13.721724  28.857515 24.930457  4
15.297242  28.947214 24.179149  4
14.490938  28.402351 22.001512  4
13.189397  26.511226 24.024448  4
14.928337  26.581392 23.676462  4
13.802425  26.095501 22.413022  4
12.401021  29.456594 21.749334  4
11.661372  28.561524 23.117549  4
11.776072  26.512287 21.668285  4
12.484475  27.490087 20.363303  4
10.415041  29.008705 20.532644  4
9.854198  27.859697 21.770981  4
10.418087  27.060565 18.905880  4
8.469865  25.334855 20.128023  4
9.774864  25.529947 21.294132  4
10.127484  24.976946 19.654833  4
8.062687  27.054631 18.398938  4
8.637226  28.673675 18.710707  4
6.960209  26.950496 20.612973  4
6.352412  28.215722 19.567131  4
7.600353  29.951764 20.762714  4
8.330552  28.777508 21.808336  4
5.412264  29.437242 21.856832  4
5.375621  27.147482 22.453983  4
5.679706  27.895789 24.025069  4
7.014575  27.167366 23.124997  4
7.669522  29.772285 23.919219  4
5.992636  30.320225 24.076887  4
7.058836  31.075190 22.883919  4
17.485741  34.288014 32.729015  1
17.103623  33.950093 34.127509  1
15.864562  33.730187 34.596836  1
14.611954  33.835145 33.753980  1
15.616577  33.407893 36.042464  1
16.479012  32.329014 36.714023  1
15.985541  31.937952 38.121019  1
14.680761  31.093360 38.228709  1
14.343958  30.899382 39.710065  1
13.472686  31.668199 37.464845  1
12.122059  30.956925 37.673011  1
11.056748  31.679881 36.835416  1
9.641321  31.074402 36.897075  1
9.061443  31.143743 38.312925  1
8.656623  31.667347 35.849284  1
8.298558  33.166387 35.942091  1
9.445799  34.123347 35.614360  1
9.177224  35.616030 35.854604  1
8.720322  35.894903 37.289414  1
10.472518  36.392705 35.577324  1
18.430354  33.798434 32.477460  4
17.616746  35.369550 32.638451  4
16.744061  33.956557 32.002630  4
17.942691  33.888544 34.826850  4
14.729694  34.519004 32.909550  4
13.769741  34.217631 34.339924  4
14.334434  32.846363 33.367198  4
14.587666  33.090977 36.054344  4
15.627445  34.327595 36.640389  4
17.500275  32.719449 36.823290  4
16.555061  31.432227 36.088750  4
15.908582  32.842765 38.736459  4
16.788133  31.340375 38.581597  4
14.901103  30.104669 37.806191  4
14.026438  31.838276 40.170973  4
15.212322  30.521121 40.264315  4
13.542268  30.165609 39.834688  4
13.667323  31.530304 36.396180  4
13.354142  32.726176 37.696969  4
11.838357  31.009558 38.730656  4
12.194776  29.903021 37.385499  4
11.383856  31.756262 35.796368  4
11.031273  32.672831 37.280898  4
9.744466  30.009669 36.635075  4
8.073731  31.613130 38.339434  4
9.703535  31.702130 39.000277  4
8.947205  30.131962 38.717447  4
7.714555  31.109248 35.945639  4
9.022051  31.445571 34.838416  4
7.880426  33.374382 36.930478  4
7.489494  33.360225 35.224321  4
9.778932  33.952001 34.584876  4
10.303302  33.915958 36.236884  4
8.407078  35.962530 35.155274  4
7.638420  35.756546 37.384099  4
8.948011  36.924017 37.590799  4
9.208714  35.227065 38.009122  4
11.246567  36.148715 36.322983  4
10.293958  37.467791 35.623254  4
10.875284  36.154915 34.589647  4
5.606859  24.100996 33.917104  1
6.303900  22.998521 34.634511  1
7.249381  22.182554 34.140382  1
7.743826  22.232130 32.710866  1
7.865233  21.096147 34.974441  1
8.357053  21.442940 36.387457  1
9.161221  20.308220 37.052142  1
10.598180  20.023713 36.521494  1
11.164927  18.812550 37.268059  1
10.697097  19.821006 34.997518  1
12.066303  19.378401 34.447231  1
11.953506  19.229858 32.922656  1
13.251410  18.824565 32.198071  1
13.731032  17.437991 32.637468  1
13.167863  18.933155 30.648778  1
12.163809  18.029423 29.901056  1
10.691481  18.364080 30.145179  1
9.664098  17.388672 29.552713  1
9.906921  15.948044 30.011884  1
8.262588  17.830920 29.997776  1
5.436360  24.935586 34.602416  4
4.640069  23.744159 33.552319  4
6.186080  24.483202 33.076860  4
5.985535  22.856912 35.671571  4
6.996248  22.632303 32.021245  4
7.993368  21.231860 32.341899  4
8.646873  22.852307 32.646095  4
8.703609  20.771779 34.381866  4
7.199672  20.224741 35.008554  4
7.481133  21.636996 37.021858  4
8.951024  22.363903 36.388656  4
8.559776  19.390875 37.041299  4
9.263978  20.576025 38.115676  4
11.215767  20.892857 36.781793  4
10.648202  17.892790 36.982031  4
11.066181  18.938561 38.353739  4
12.231229  18.688817 37.057460  4
10.541408  20.797928 34.528128  4
9.937675  19.113635 34.665625  4
12.339813  18.408689 34.879345  4
12.839986  20.106517 34.711665  4
11.553398  20.146558 32.484443  4
11.226229  18.427619 32.810714  4
14.020564  19.551286 32.503389  4
13.908856  16.767780 31.791419  4
13.017481  16.939956 33.300293  4
14.678173  17.527572 33.180872  4
14.166065  18.690115 30.257916  4
12.992878  19.978822 30.364988  4
12.376322  16.983941 30.139407  4
12.354966  18.139297 28.824609  4
10.490889  19.387197 29.808773  4
10.469982  18.355661 31.201931  4
9.711924  17.433051 28.458184  4
10.642147  15.455803 29.367089  4
8.986451  15.353828 29.974553  4
10.281986  15.906809 31.041515  4
8.136053  17.706360 31.085511  4
7.495425  17.233549 29.503395  4
8.083059  18.882389 29.760183  4
12.861819  10.461817 24.254824  1
12.551189  10.218583 25.690211  1
13.430923  10.037433 26.688785  1
14.931878  10.011148 26.496708  1
12.979649  9.787278 28.099099  1
11.900100  10.700291 28.698887  1
11.684006  10.483216 30.209604  1
12.787147  10.991201 31.185520  1
12.398518  10.594702 32.612837  1
14.213836  10.512813 30.855247  1
15.311563  10.854976 31.880604  1
16.646464  10.291269 31.371298  1
17.869901  10.575467 32.263641  1
17.728037  9.916117 33.638716  1
19.230258  10.218880 31.599296  1
19.510299  8.742968 31.242635  1
18.649145  8.180045 30.110878  1
18.781547  6.674629 29.838588  1
18.522720  5.837671 31.094661  1
17.765127  6.286456 28.755026  1
12.139404  11.167988 23.836852  4
12.791822  9.520995 23.702521  4
13.854367  10.887643 24.109540  4
11.483365  10.181267 25.925288  4
15.221403  9.696220 25.490934  4
15.408206  9.305485 27.185258  4
15.353238  11.006531 26.686386  4
13.884731  9.891891 28.672786  4
12.696498  8.734634 28.222592  4
10.945945  10.484508 28.198504  4
12.118984  11.756809 28.506964  4
11.470513  9.422566 30.390766  4
10.757083  11.015891 30.475036  4
12.783870  12.087475 31.133022  4
12.469935  9.513636 32.757654  4
11.370747  10.904606 32.840818  4
13.048412  11.084260 33.344023  4
14.535968  11.046015 29.954764  4
14.215382  9.437076 30.681938  4
15.073137  10.388253 32.843514  4
15.376305  11.938075 32.026783  4
16.838302  10.640479 30.354585  4
16.466432  9.217748 31.357477  4
17.895817  11.665074 32.421826  4
18.592838  9.299132 33.899580  4
16.842695  9.277250 33.706157  4
17.637977  10.686523 34.412506  4
20.018320  10.531583 32.298885  4
19.373941  10.839575 30.705613  4
19.423685  8.133404 32.145926  4
20.560579  8.670250 30.928031  4
18.830265  8.755047 29.196142  4
17.600019  8.306977 30.332417  4
19.789378  6.461884 29.462734  4
19.437078  5.739688 31.688772  4
18.185241  4.825995 30.840945  4
17.753903  6.289027 31.733184  4
16.732763  6.389414 29.126933  4
17.906192  5.249045 28.448945  4
17.864915  6.920468 27.870526  4
12.892492  48.771950 11.395884  1
12.590131  49.039093 12.828785  1
11.514119  48.626992 13.518907  1
10.378087  47.830504 12.914351  1
11.325405  48.979749 14.966374  1
12.502166  48.777313 15.932302  1
12.118471  48.964739 17.413428  1
11.253170  47.859294 18.089168  1
10.929905  48.297318 19.520641  1
9.966155  47.488949 17.327713  1
8.999626  46.520253 18.035448  1
7.788991  46.284839 17.119990  1
6.730180  45.304342 17.659794  1
6.083764  45.827208 18.946051  1
5.658102  44.894691 16.610074  1
4.728484  45.989014 16.042438  1
5.418564  47.017349 15.144854  1
4.564231  48.211743 14.695980  1
3.945897  48.955525 15.883272  1
5.458396  49.177798 13.905346  1
13.967534  48.618513 11.269377  4
12.587996  49.631534 10.792991  4
12.390476  47.879307 11.023384  4
13.339253  49.644842 13.347232  4
10.266433  48.005688 11.841304  4
9.418586  48.099899 13.367930  4
10.541245  46.757773 13.078472  4
10.508779  48.348360 15.272485  4
10.932489  49.999985 15.057031  4
13.275029  49.522600 15.698661  4
12.967239  47.794602 15.794601  4
11.649986  49.948684 17.538932  4
13.062182  49.017706 17.979102  4
11.874274  46.956498 18.150573  4
10.237255  49.142851 19.529942  4
11.840798  48.593625 20.056185  4
10.480033  47.476751 20.087161  4
10.265588  46.935344 16.431719  4
9.422524  48.392477 17.053211  4
8.653248  46.967691 18.974432  4
9.503129  45.575872 18.266301  4
8.122648  45.964630 16.130752  4
7.343154  47.275390 17.048651  4
7.264258  44.375211 17.913596  4
4.991285  45.839435 18.891818  4
6.406805  46.842727 19.192821  4
6.356359  45.181164 19.787899  4
5.011626  44.146398 17.090050  4
6.143644  44.367055 15.779155  4
4.201571  46.475055 16.867745  4
3.955372  45.490099 15.441826  4
5.855647  46.508381 14.278780  4
6.247326  47.477616 15.661735  4
3.764898  47.856973 14.034576  4
3.004613  48.485370 16.185858  4
3.726393  49.999993 15.632961  4
4.613810  48.960441 16.752974  4
6.217662  49.637453 14.558741  4
4.864594  49.982047 13.469012  4
5.983045  48.662791 13.096778  4
22.191558  39.484588 32.417422  1
20.816479  39.931173 32.771980  1
20.341161  40.187617 34.001698  1
21.148011  40.017395 35.270740  1
18.920558  40.622268 34.221190  1
18.352945  41.750136 33.346837  1
16.971330  42.250406 33.812619  1
16.904088  43.101305 35.116011  1
15.436048  43.410865 35.423435  1
17.596284  42.468819 36.338386  1
17.417536  43.194699 37.685451  1
18.174471  42.408724 38.766381  1
18.132167  43.017679 40.181028  1
16.703935  43.059685 40.732467  1
19.110405  42.344819 41.185711  1
18.893318  40.857786 41.540041  1
19.167930  39.877680 40.398409  1
18.806174  38.408504 40.660335  1
17.345086  38.243063 41.088191  1
19.047582  37.612029 39.369891  1
22.499514  39.952617 31.478607  4
22.199718  38.399234 32.286942  4
22.926713  39.758382 33.173842  4
20.141012  40.047024 31.919205  4
21.938457  39.269438 35.169039  4
20.517195  39.682292 36.100635  4
21.605441  40.972934 35.557114  4
18.912987  40.939509 35.250042  4
18.252761  39.752234 34.197286  4
18.233852  41.369096 32.323126  4
19.047942  42.595151 33.284357  4
16.285486  41.396618 33.876194  4
16.575107  42.881942 33.001723  4
17.407077  44.053776 34.905336  4
14.896754  42.511081 35.730564  4
14.930593  43.831076 34.544648  4
15.353298  44.152433 36.223367  4
18.676142  42.522495 36.165269  4
17.279672  41.432323 36.450997  4
16.353561  43.225191 37.947938  4
17.788119  44.222812 37.619756  4
19.210670  42.251056 38.459970  4
17.652153  41.453737 38.781766  4
18.478779  44.058576 40.084416  4
16.621009  42.594171 41.718886  4
15.987918  42.556636 40.076119  4
16.377715  44.100089 40.839837  4
19.039265  42.909088 42.126343  4
20.142639  42.486585 40.840786  4
17.883519  40.728016 41.938125  4
19.577389  40.608598 42.363026  4
20.214123  39.967724 40.086083  4
18.580822  40.132898 39.528912  4
19.460685  38.008554 41.443856  4
17.239934  38.388800 42.168155  4
16.968618  37.240644 40.853292  4
16.689808  38.965060 40.586349  4
18.338941  37.913411 38.581419  4
18.914015  36.543909 39.546199  4
20.058700  37.771563 38.987193  4
40.243935  10.464399 17.194231  1
40.054971  11.228222 17.811382  1
40.403963  12.140915 17.598810  1
40.941920  12.289795 16.769088  1
41.290912  13.202497 16.556518  1
41.828869  13.351377 15.726797  1
42.177861  14.264070 15.514225  1
42.715818  14.412950 14.684503  1
43.064811  15.325652 14.471933  1
43.602767  15.474532 13.642212  1
43.951759  16.387225 13.429639  1
44.489716  16.536105 12.599918  1
44.838709  17.448807 12.387348  1
45.376666  17.597687 11.557627  1
45.725658  18.510380 11.345054  1
46.263614  18.659260 10.515333  1
46.612607  19.571962 10.302763  1
47.150564  19.720842 9.473042  1
47.499556  20.633535 9.260469  1
48.037513  20.782415 8.430748  1
48.386505  21.695117 8.218178  1
48.924462  21.843997 7.388457  1
15.982839  8.441650 9.841605  1
15.815280  7.694569 9.198338  1
16.337240  6.844792 9.272014  1
17.026766  6.742092 9.988962  1
17.548733  5.892309 10.062643  1
18.238251  5.789614 10.779587  1
18.760218  4.939832 10.853267  1
19.449737  4.837137 11.570211  1
19.971704  3.987355 11.643892  1
20.661223  3.884660 12.360835  1
21.183190  3.034878 12.434516  1
21.872709  2.932183 13.151460  1
22.394676  2.082401 13.225141  1
23.084194  1.979706 13.942084  1
23.606161  1.129924 14.015765  1
24.295680  1.027229 14.732709  1
24.817647  0.177447 14.806389  1
45.469968  13.521398 0.231788  1
46.301587  13.705338 0.755786  1
46.936152  12.961090 0.964147  1
46.739098  12.032893 0.648509  1
47.373665  11.288636 0.856870  1
47.176610  10.360448 0.541232  1
47.811176  9.616190 0.749593  1
47.614121  8.688002 0.433955  1
48.248687  7.943745 0.642316  1
48.051632  7.015557 0.326678  1
48.686199  6.271300 0.535039  1
48.489143  5.343112 0.219402  1
49.123710  4.598855 0.427762  1
48.926654  3.670667 0.112125  1
49.561221  2.926410 0.320485  1
49.364165  1.998222 0.004848  1
49.998732  1.253964 0.213208  1
4.274970  0.752701 8.560171  1
4.113270  0.970107 10.039329  1
5.109725  0.510229 10.904151  1
4.958639  0.722345 12.260407  1
3.903657  1.356034 12.809573  3
2.941907  1.807850 11.987200  1
1.863746  2.481216 12.546243  1
0.826272  2.993427 11.764150  1
0.852913  2.818156 10.388494  1
1.921242  2.141045 9.801560  1
2.986785  1.636140 10.584143  1
5.227777  0.265309 8.326774  4
4.263040  1.711273 8.031398  4
3.473487  0.111868 8.178970  4
5.992450  -0.000356 10.534153  4
5.710391  0.381641 12.966606  4
1.835422  2.617624 13.624787  4
0.004563  3.526491 12.234901  4
0.049053  3.209803 9.770745  4
1.917334  2.015600 8.722065  4
1.337066  45.623824 0.894325  1
1.601383  46.236410 2.232645  1
0.682684  47.107705 2.729933  3
0.885912  47.681591 3.935711  1
1.987757  47.454864 4.743540  1
2.949909  46.560510 4.254148  1
4.195763  46.064837 4.756472  1
4.935812  46.284140 5.936870  1
6.154052  45.619120 6.119292  1
6.638691  44.746254 5.148113  1
5.924289  44.511470 3.969967  1
4.708513  45.185322 3.804651  1
3.810165  45.148511 2.765449  3
3.926079  44.589909 1.932985  4
2.734730  45.971448 3.009393  1
0.389883  45.981673 0.479158  4
1.284029  44.534452 0.983379  4
2.138861  45.884420 0.196667  4
0.101367  48.363194 4.253399  4
2.093673  47.946406 5.702246  4
4.566635  46.962644 6.700037  4
6.726104  45.786855 7.028557  4
7.587400  44.238733 5.307957  4
6.305548  43.830998 3.215668  4
45.934670  2.162921 3.204923  1
45.353528  3.533333 3.030639  1
44.000413  3.706803 2.785661  1
43.466985  4.999536 2.771563  1
42.085592  5.186168 2.589169  1
41.511197  6.464300 2.675828  1
40.135137  6.687456 2.573707  1
39.543053  7.898961 2.697055  3
40.359633  8.946070 2.920346  1
41.737951  8.844954 3.011303  1
42.331992  7.580876 2.894098  1
43.722305  7.396858 3.019916  1
44.315004  6.107770 2.980387  1
45.691253  5.835267 3.159798  1
46.719475  6.897528 3.417637  1
46.195596  4.573101 3.198805  3
45.207551  1.378858 2.971906  4
46.250798  2.034562 4.245675  4
46.802374  2.032499 2.552080  4
43.359153  2.840955 2.651515  4
41.443334  4.326470 2.419261  4
39.443592  5.867050 2.402489  4
39.862694  9.905743 3.034397  4
42.332437  9.734906 3.192043  4
44.339387  8.274432 3.182267  4
46.400077  7.899962 3.127562  4
47.626483  6.679048 2.842710  4
46.978439  6.905851 4.481530  4
3.067804  46.224148 41.905186  1
4.340249  45.432262 41.892199  1
4.327856  44.045492 41.853325  1
5.539592  43.315630 41.841596  1
5.618592  41.891035 41.801200  1
4.474658  41.110756 41.770019  2
6.834419  41.179261 41.789341  1
6.847122  39.825567 41.749401  3
8.028057  39.179629 41.738831  1
9.247599  39.819360 41.766906  1
9.262283  41.213238 41.808524  1
10.591812  41.920214 41.839319  1
8.029861  41.918889 41.820125  1
7.959592  43.328710 41.860760  1
6.743384  44.049579 41.871380  1
6.661575  45.463260 41.909599  1
7.854309  46.378627 41.943014  1
5.484222  46.137833 41.920208  3
2.185092  45.578223 41.876251  4
3.034594  46.886689 41.034703  4
3.017733  46.830544 42.814891  4
3.363170  43.552623 41.832411  4
3.677551  41.650994 41.781968  4
7.961197  38.096221 41.705948  4
10.162901  39.238064 41.756273  4
11.426937  41.212267 41.824502  4
10.684345  42.516208 42.753180  4
10.697602  42.569247 40.963823  4
8.895321  43.876025 41.884550  4
8.819852  45.873791 41.925506  4
7.820472  46.986162 42.853415  4
7.822548  47.047813 41.076765  4
20.575403  17.738026 36.473769  1
19.766221  16.448330 36.253238  1
18.637074  16.737710 35.258860  1
20.689893  15.319002 35.753219  1
21.815872  14.924817 36.609318  3
21.918520  14.374318 37.846440  1
23.011752  13.887740 38.152401  2
20.705911  14.254113 38.790199  1
21.105129  14.605997 40.249898  1
21.567227  16.066342 40.346840  1
19.960318  14.390013 41.251764  1
20.263689  12.865218 38.675183  3
19.410449  12.326010 37.754065  1
19.437346  11.110491 37.579244  2
18.506312  13.249096 36.902630  1
17.083225  12.631537 36.795268  1
16.407811  12.530821 38.167205  1
16.172248  13.430731 35.854508  1
19.129707  13.292829 35.580056  3
20.109281  14.068431 35.059236  1
20.614402  13.676158 33.999981  2
19.931930  18.543907 36.842844  4
21.036609  18.082364 35.540816  4
21.371449  17.587809 37.209987  4
19.295703  16.207954 37.203897  4
19.029647  16.966429 34.262698  4
18.037883  17.592774 35.590712  4
17.960182  15.883730 35.171223  4
21.217820  15.797695 34.910291  4
22.688403  14.796744 36.104161  4
19.908114  14.917057 38.490336  4
21.939976  13.967416 40.566541  4
20.752106  16.758076 40.107238  4
22.398190  16.270826 39.665560  4
21.915178  16.293924 41.360445  4
19.038546  14.886592 40.930002  4
20.226537  14.794127 42.236483  4
19.747098  13.325377 41.389968  4
20.902197  12.163614 39.040977  4
18.433533  14.250257 37.315871  4
17.158829  11.614579 36.386256  4
16.267805  13.520753 38.613544  4
16.993555  11.921472 38.861790  4
15.422868  12.059112 38.075518  4
16.097753  14.477630 36.165988  4
15.159667  13.010751 35.848114  4
16.539038  13.403076 34.823555  4
19.037964  12.438341 35.037421  4
18.680851  30.998156 28.458165  1
18.465063  29.516379 28.105325  1
18.646763  29.336912 26.594603  1
19.441627  28.630663 28.905576  1
19.377065  28.690253 30.371317  3
18.431941  28.369647 31.292191  1
18.808778  28.255052 32.462827  2
16.977916  28.050053 30.893166  1
15.976694  28.700676 31.887230  1
16.094094  30.230480 31.849077  1
14.516317  28.317146 31.602303  1
16.883641  26.591130 30.914953  3
17.192838  25.711657 29.915880  1
17.402857  24.539797 30.218219  2
17.355563  26.217032 28.462399  1
16.675559  25.218610 27.483199  1
15.165812  25.127403 27.729953  1
16.913594  25.591830 26.014299  1
18.797715  26.246540 28.219372  3
19.744148  27.183254 28.462703  1
20.920060  26.802561 28.404822  2
17.982556  31.636282 27.905989  4
19.697203  31.322780 28.206516  4
18.521379  31.180730 29.525642  4
17.424551  29.290415 28.327128  4
19.681948  29.523685 26.290840  4
18.002005  30.028877 26.041647  4
18.376731  28.324624 26.282354  4
20.415086  29.114173 28.713282  4
20.288037  28.740801 30.819058  4
16.753678  28.415402 29.902141  4
16.206705  28.371156 32.908762  4
15.809062  30.626818 30.868261  4
17.114086  30.560646 32.066016  4
15.439033  30.686058 32.599812  4
14.247879  28.486811 30.554000  4
13.832283  28.913600 32.218902  4
14.326679  27.265680 31.839938  4
16.965917  26.153919 31.829186  4
16.931207  27.205947 28.319713  4
17.098639  24.216070 27.635272  4
14.676964  26.091562 27.556140  4
14.942377  24.809318 28.752572  4
14.711399  24.391863 27.056515  4
16.570717  26.609424 25.800981  4
16.370939  24.909714 25.349478  4
17.973790  25.522962 25.750851  4
19.231398  25.332941 28.118001  4
8.682217  48.138636 36.618837  1
8.588284  46.983309 35.607343  1
7.159756  46.923993 35.056624  1
9.625040  47.175257 34.481792  1
11.042471  47.241372 34.859463  3
11.914024  46.367775 35.426279  1
13.115855  46.635678 35.329546  2
11.446141  45.044645 36.063431  1
12.206093  44.771780 37.390811  1
11.899394  45.864684 38.423785  1
11.860989  43.407676 38.008145  1
11.725996  44.014914 35.063855  3
10.938371  43.617064 34.020503  1
11.468625  43.019256 33.087642  2
9.438586  43.997092 33.993753  1
8.599710  42.778881 33.513822  1
8.716729  41.597401 34.482817  1
7.116096  43.127726 33.338275  1
9.330200  45.087385 33.024604  3
9.485168  46.427280 33.138805  1
9.608242  47.057163 32.080908  2
7.959620  48.005568 37.431159  4
8.471498  49.102813 36.141721  4
9.678491  48.193894 37.069011  4
8.749457  46.064370 36.166356  4
6.925060  47.808925 34.456142  4
6.431536  46.866532 35.873130  4
7.014440  46.038949 34.431545  4
9.439280  48.214819 34.160566  4
11.556553  47.982011 34.390346  4
10.388396  45.065625 36.279371  4
13.287666  44.780283 37.203343  4
10.840277  45.860911 38.704112  4
12.146565  46.859348 38.041677  4
12.489333  45.710997 39.334066  4
10.778919  43.263737 38.098640  4
12.291136  43.318025 39.013525  4
12.268492  42.585532 37.411458  4
12.708485  43.836049 34.872892  4
9.078052  44.321712 34.964848  4
8.971808  42.444819 32.535479  4
8.324241  41.855681 35.471771  4
9.754870  41.272846 34.600196  4
8.149996  40.737375 34.108387  4
6.688805  43.528794 34.263009  4
6.539753  42.237010 33.062235  4
6.970038  43.865299 32.542777  4
9.438967  44.806776 32.053806  4
36.790499  27.260950 46.490379  1
38.113432  27.134889 46.326788  1
38.732788  26.117925 45.377477  1
38.154240  25.696087 44.027976  1
36.907326  24.968499 44.090997  1
37.052855  23.789534 44.988809  1
35.594265  23.184694 45.121199  1
34.385454  24.427407 45.695599  1
33.793301  25.555440 44.822388  1
33.310123  25.396901 43.346674  1
34.176371  24.759489 42.215351  1
34.332874  23.213230 42.053389  1
34.992762  22.446912 43.143801  1
33.965949  22.360558 44.778536  1
34.535347  22.299503 46.577253  1
34.010517  22.877991 47.938047  1
34.985990  22.658237 49.115058  1
38.927768  27.835871 47.234150  2
40.305373  28.123448 46.917537  1
40.455220  29.534471 46.256333  1
40.284886  30.837624 47.050250  1
41.257169  27.972990 48.138216  1
41.519361  26.649253 48.722770  2
42.248703  25.698695 48.046115  1
42.396786  25.699536 46.832869  2
42.769014  24.583657 48.992261  1
44.282943  24.233865 49.194034  1
45.144565  23.630632 48.057317  1
46.618267  23.341209 48.468115  1
47.536725  22.749049 47.365994  1
47.812324  23.562644 46.095639  1
46.651395  24.017550 45.156965  1
45.550350  23.354750 44.295457  1
44.468118  22.527079 44.263481  1
43.700026  21.502815 45.114889  1
42.185380  21.713097 45.517860  1
41.563034  20.459861 46.240795  1
40.076697  20.602951 46.620099  1
39.503905  19.410211 47.420616  1
38.038320  19.532907 47.877421  1
37.784498  20.619677 48.921268  1
38.032000  22.053904 48.492375  1
36.090303  26.682307 45.927726  4
36.333112  27.889050 47.242984  4
38.880045  25.214595 45.979681  4
39.699872  26.452499 45.045307  4
38.840206  24.966735 43.576138  4
38.017417  26.522589 43.334880  4
36.626648  24.713676 43.075407  4
36.106680  25.606866 44.407786  4
37.283968  24.020489 46.031484  4
37.702429  22.982022 44.606511  4
36.200570  22.211490 45.546308  4
35.567469  22.006224 44.761286  4
34.695239  24.850674 46.645008  4
33.323210  23.970550 45.976676  4
34.537832  26.317675 44.873121  4
32.952237  26.010623 45.409009  4
33.171419  26.444776 43.037053  4
32.308540  24.947974 43.300693  4
35.114979  25.315907 42.167413  4
33.703789  25.031401 41.261925  4
34.973854  23.006725 41.173951  4
33.391377  22.711950 42.018536  4
35.964085  22.979884 43.118337  4
35.450183  21.470825 42.964293  4
32.963823  21.878062 44.651261  4
33.635819  23.407267 44.309398  4
35.491198  23.001533 46.855955  4
35.134308  21.397182 46.768912  4
33.084716  22.369977 48.028036  4
33.884698  23.967819 48.045468  4
35.069624  21.596842 49.316344  4
34.628279  23.188088 49.999934  4
35.971209  23.099786 48.954674  4
40.675908  27.417335 46.186668  4
39.777372  29.593321 45.396986  4
41.475600  29.576734 45.855629  4
39.349792  30.916494 47.610054  4
40.292953  31.679125 46.338316  4
41.124012  31.016160 47.732200  4
40.869353  28.580401 48.963793  4
42.235065  28.383305 47.864850  4
42.208298  23.672632 48.755266  4
42.425546  24.878247 49.995688  4
44.300834  23.485374 49.999937  4
44.800477  25.116070 49.585005  4
45.141140  24.344318 47.244272  4
44.708324  22.693936 47.699932  4
46.618327  22.615973 49.298328  4
47.086506  24.244711 48.882089  4
47.188330  21.756853 47.072586  4
48.520549  22.580511 47.846182  4
48.605728  23.060613 45.516067  4
48.320324  24.489668 46.428723  4
47.223315  24.593930 44.399747  4
46.142316  24.824119 45.682587  4
45.629519  23.863093 43.317475  4
43.986596  22.545222 43.273777  4
44.278693  21.240617 45.999080  4
43.678105  20.601013 44.481984  4
41.567748  21.934833 44.636045  4
42.106692  22.580597 46.184430  4
42.125192  20.286171 47.167094  4
41.652170  19.567141 45.618071  4
39.440453  20.783947 45.747207  4
40.069152  21.500716 47.209669  4
40.118325  19.211369 48.307396  4
39.568098  18.519761 46.784594  4
37.737640  18.575322 48.339053  4
37.369720  19.652762 47.016134  4
38.371982  20.415945 49.819959  4
36.739717  20.528486 49.230441  4
39.054079  22.324421 48.289777  4
37.819904  22.724913 49.325455  4
37.441855  22.311915 47.610832  4
39.758571  31.367981 19.254040  1
39.679838  31.792575 20.521449  1
40.851663  31.713830 21.490797  1
42.320918  31.918438 21.125774  1
42.888935  30.908785 20.261998  1
42.680730  29.558732 20.854627  1
43.174355  28.537784 19.747902  1
42.332225  28.799126 18.148523  1
42.638913  29.949530 17.164595  1
44.064969  30.457891 16.784778  1
45.151511  30.853031 17.833522  1
46.016749  29.788645 18.581911  1
45.334241  28.825483 19.486455  1
44.212901  27.544956 18.571574  1
42.604062  26.721121 19.115870  1
41.280782  26.269490 18.403962  1
40.189444  25.788799 19.385345  1
38.396741  32.119459 20.995405  2
38.231991  32.965714 22.151886  1
38.063841  34.466624 21.740032  1
36.787615  34.998847 21.072565  1
37.074647  32.507741 23.084316  1
37.177655  31.251264 23.841537  2
38.063353  31.114269 24.885630  1
39.056185  31.813553 25.024125  2
37.703827  29.911277 25.798198  1
37.386487  30.028941 27.328066  1
38.461726  30.452031 28.359212  1
37.946637  30.491443 29.828037  1
38.975226  30.923301 30.907107  1
39.589141  32.327232 30.845634  1
40.402527  32.802154 29.601184  1
41.688556  32.386128 28.848289  1
42.351352  31.403676 28.175400  1
42.298789  29.898387 27.866662  1
42.174337  29.348021 26.389378  1
42.312287  27.781395 26.304510  1
42.234939  27.200757 24.879583  1
42.267137  25.655916 24.816541  1
42.130015  25.024723 23.418523  1
40.766912  25.227311 22.758206  1
40.370578  26.653929 22.426705  1
40.666280  30.989117 18.836659  4
38.910196  31.302920 18.586094  4
40.756967  30.737079 21.977963  4
40.763467  32.469984 22.251047  4
42.916991  31.818788 22.043069  4
42.528000  32.887557 20.678412  4
43.931178  31.162358 20.105252  4
42.475886  30.972308 19.274952  4
41.637822  29.255790 20.975013  4
43.264247  29.349075 21.768808  4
43.166816  27.752502 20.685304  4
44.064271  27.805219 20.184301  4
41.256776  28.721585 18.266403  4
42.543850  27.943945 17.348543  4
42.063711  30.759998 17.552133  4
42.096751  29.712740 16.211339  4
43.839620  31.393137 16.248421  4
44.536067  29.804031 16.038218  4
44.720061  31.620098 18.480317  4
45.922328  31.419871 17.294242  4
46.725890  30.309917 19.254447  4
46.491562  29.107862 17.911091  4
44.888463  29.573033 20.172477  4
45.870056  28.312898 20.289177  4
44.769289  26.908358 17.837794  4
44.163187  28.501805 17.859784  4
41.821452  27.432127 19.720985  4
42.760289  26.113613 20.019306  4
41.650185  25.521753 17.749963  4
40.679904  27.018192 17.862218  4
40.524541  24.882966 19.876512  4
39.256744  25.609242 18.847261  4
39.899685  26.542091 20.120149  4
39.118745  32.929897 22.770308  4
38.903425  34.749861 21.094824  4
38.166231  35.049671 22.663665  4
36.473245  34.452824 20.179798  4
36.972666  36.037364 20.752762  4
35.946916  35.048300 21.773880  4
36.160172  32.410374 22.488344  4
36.897217  33.294856 23.824811  4
38.470825  29.145309 25.638375  4
36.783877  29.489920 25.364875  4
37.070810  29.020956 27.635241  4
36.512770  30.675809 27.459077  4
38.797523  31.441528 28.078964  4
39.316777  29.771520 28.324251  4
37.602741  29.482661 30.109663  4
37.053401  31.126345 29.905303  4
39.785063  30.194237 30.974559  4
38.445305  30.858481 31.877611  4
40.158471  32.508138 31.773300  4
38.744243  33.036835 30.950481  4
40.637486  33.844137 29.904090  4
39.668826  32.980497 28.816409  4
42.247335  33.331434 28.724623  4
43.279660  31.789641 27.727090  4
41.559281  29.411074 28.499947  4
43.281945  29.528847 28.200043  4
42.939980  29.789780 25.736023  4
41.200862  29.639766 25.976711  4
41.497117  27.334934 26.887940  4
43.258955  27.449983 26.736557  4
43.017035  27.599930 24.224989  4
41.296578  27.580683 24.520742  4
41.486704  25.228247 25.457986  4
43.229175  25.325190 25.224767  4
42.275187  23.933790 23.514821  4
42.939244  25.359487 22.758002  4
39.984509  24.780601 23.376741  4
40.771053  24.647220 21.831411  4
40.192920  27.308934 23.262335  4
39.381397  26.659786 21.967635  4
41.112332  27.132793 21.784483  4
44.711430  43.307962 23.017898  1
45.257362  42.245678 23.623138  1
44.427258  41.189574 24.340479  1
43.049859  40.694801 23.902538  1
41.988233  41.671779 23.983881  1
41.926539  42.240469 25.358649  1
40.863349  43.412552 25.276843  1
41.277256  44.625049 23.975295  1
41.081753  44.398114 22.460078  1
39.832608  43.735316 21.799272  1
39.246754  42.357955 22.242242  1
38.335114  42.203808 23.501921  1
38.909245  42.515273 24.837982  1
39.292576  44.389201 25.112958  1
40.656768  45.222799 26.116661  1
41.532894  46.514798 25.958559  1
42.648463  46.633236 27.020008  1
46.656938  42.252198 23.760873  2
47.380125  41.025889 23.993047  1
47.880488  40.396707 22.649768  1
49.026491  41.008269 21.831114  1
48.549575  41.188404 25.005265  1
48.277197  41.463202 26.424076  2
47.710697  40.512908 27.242234  1
47.056058  39.568300 26.826233  2
47.918958  40.841471 28.744865  1
48.660110  39.903779 29.758015  1
48.088333  38.524472 30.169100  1
48.969440  37.757380 31.198438  1
48.455932  36.360420 31.638553  1
48.308151  35.247178 30.594261  1
47.373004  35.416438 29.356257  1
45.867729  35.646822 29.082631  1
44.779782  36.443892 29.278435  1
44.283743  37.633066 30.117356  1
43.827770  38.995185 29.455935  1
43.199944  40.000899 30.492719  1
42.705955  41.329311 29.888698  1
42.187221  42.350050 30.928195  1
41.739635  43.717919 30.380233  1
42.866099  44.572205 29.800244  1
43.573811  44.031855 28.571676  1
43.653898  43.451443 22.965747  4
45.284286  44.129091 22.608376  4
44.347441  41.540322 25.375343  4
44.945406  40.246753 24.352264  4
42.724632  39.920934 24.611071  4
43.035597  40.277276 22.898708  4
41.072056  41.184868 23.669755  4
42.116449  42.439356 23.246799  4
42.818355  42.782954 25.681602  4
41.578296  41.544459 26.142532  4
40.884833  43.312811 26.495465  4
39.945867  43.237259 26.080923  4
42.266987  45.037555 24.138907  4
40.605408  45.606883 24.001901  4
41.959678  43.860790 22.180020  4
41.245172  45.389543 21.961012  4
40.178435  43.573794 20.766092  4
39.000028  44.447183 21.716371  4
40.050657  41.621796 22.173722  4
38.570111  42.028437 21.442327  4
38.030017  41.143297 23.597539  4
37.511488  42.882371 23.491724  4
39.730914  41.772084 24.811414  4
38.481657  42.105704 25.756474  4
38.390910  45.046866 25.025018  4
39.437072  44.255798 23.935673  4
41.752667  44.693059 26.066125  4
40.573919  44.963940 27.182399  4
40.789564  47.268531 26.009836  4
42.162928  46.629994 25.061407  4
42.199200  46.760336 27.997800  4
43.298548  47.478217 26.785273  4
43.342762  45.791040 27.020440  4
46.727957  40.286035 24.437292  4
47.025625  40.290074 21.972083  4
48.216184  39.381449 22.894891  4
48.903943  42.066266 21.586927  4
49.088199  40.472448 20.869799  4
49.999310  40.865138 22.315055  4
49.192428  42.010633 24.671190  4
49.153253  40.274916 24.983348  4
46.941470  41.124289 29.151151  4
48.511955  41.768773 28.754198  4
48.723508  40.481488 30.691971  4
49.690752  39.759764 29.417399  4
48.008236  37.932979 29.266812  4
47.090532  38.635476 30.602115  4
49.051406  38.363683 32.115443  4
49.999636  37.663862 30.828452  4
47.512372  36.454712 32.179592  4
49.183342  35.989382 32.386953  4
48.095905  34.297165 31.113739  4
49.324564  35.068030 30.190289  4
47.559387  34.454391 28.834325  4
47.883879  36.110015 28.689960  4
45.613176  34.891207 28.317531  4
43.928842  36.107379 28.666580  4
44.981660  37.837749 30.927550  4
43.364158  37.253128 30.590968  4
43.086626  38.822123 28.662847  4
44.693203  39.472568 28.980335  4
43.965851  40.242528 31.240530  4
42.352114  39.547398 31.010598  4
41.936442  41.177708 29.124255  4
43.580921  41.700787 29.388627  4
42.942933  42.527813 31.703261  4
41.319103  41.905271 31.428283  4
41.299841  44.297483 31.211598  4
40.924064  43.600483 29.656176  4
43.611565  44.777862 30.572432  4
42.433232  45.544119 29.548290  4
44.163157  43.141718 28.710236  4
44.353582  44.729497 28.264245  4
42.868834  43.837478 27.761007  4
8.756705  13.848346 3.659362  1
9.255105  13.145162 3.152274  1
10.200773  12.929143 3.395272  1
10.648041  13.416308 4.145357  1
11.593710  13.200290 4.388355  1
12.040979  13.687448 5.138433  1
12.986647  13.471430 5.381431  1
13.433916  13.958595 6.131516  1
14.379584  13.742577 6.374514  1
14.826853  14.229735 7.124592  1
15.772521  14.013717 7.367590  1
16.219790  14.500882 8.117675  1
17.165458  14.284864 8.360673  1
17.612727  14.772029 9.110759  1
18.558395  14.556011 9.353756  1
19.005664  15.043169 10.103834  1
19.951332  14.827151 10.346832  1
20.398601  15.314316 11.096918  1
21.344269  15.098297 11.339915  1
21.791538  15.585456 12.089993  1
22.737206  15.369437 12.332991  1
23.184475  15.856603 13.083077  1
24.130143  15.640584 13.326074  1
24.577412  16.127743 14.076152  1
25.523080  15.911724 14.319150  1
25.970349  16.398890 15.069236  1
26.916017  16.182871 15.312233  1
27.363286  16.670030 16.062311  1
28.308954  16.454011 16.305309  1
28.756223  16.941177 17.055395  1
29.701891  16.725158 17.298392  1
30.149160  17.212317 18.048471  2
22.686076  16.559780 13.590157  2
23.133345  17.046946 14.340243  1
24.079013  16.830927 14.583240  1
24.526282  17.318086 15.333319  1
25.471950  17.102067 15.576316  1
25.919219  17.589233 16.326402  1
26.864887  17.373214 16.569400  1
27.312156  17.860373 17.319478  1
28.257824  17.644354 17.562475  1
28.705093  18.131519 18.312561  1
29.650761  17.915501 18.555559  1
30.098030  18.402659 19.305637  1
31.043698  18.186641 19.548634  1
31.490967  18.673806 20.298720  1
32.436635  18.457788 20.541718  1
32.883904  18.944953 21.291803  1
33.829572  18.728935 21.534801  1
34.276841  19.216093 22.284879  1
35.222509  19.000075 22.527877  1
35.669778  19.487240 23.277962  1
36.615446  19.271222 23.520960  1
37.062715  19.758380 24.271038  1
22.634946  17.750123 14.847324  1
23.082214  18.237288 15.597409  2
21.689277  17.966141 14.604326  1
21.190878  18.669326 15.111414  1
21.638147  19.156484 15.861492  1
22.583815  18.940466 16.104490  1
23.031084  19.427631 16.854576  1
23.976752  19.211612 17.097573  1
24.424021  19.698771 17.847651  1
25.369689  19.482752 18.090649  1
25.816958  19.969918 18.840735  1
26.762626  19.753899 19.083732  2
35.439531  22.251243 38.483800  1
36.320770  22.188894 38.015251  1
36.361142  21.879227 37.065263  1
35.520274  21.631909 36.583825  1
35.560645  21.322242 35.633837  1
34.719787  21.074926 35.152398  1
34.760159  20.765259 34.202411  1
33.919291  20.517941 33.720972  1
33.959663  20.208274 32.770984  1
33.118805  19.960958 32.289545  1
33.159176  19.651291 31.339558  1
32.318309  19.403973 30.858119  1
32.358680  19.094306 29.908131  1
31.517812  18.846989 29.426692  1
31.558184  18.537322 28.476704  1
30.717326  18.290006 27.995266  1
30.757697  17.980338 27.045278  1
29.916830  17.733021 26.563839  1
29.957201  17.423354 25.613851  1
29.116343  17.176038 25.132413  1
29.156715  16.866371 24.182425  1
28.315847  16.619053 23.700986  1
28.356218  16.309386 22.750998  1
27.515361  16.062070 22.269560  1
27.555732  15.752403 21.319572  1
26.714864  15.505085 20.838133  1
26.755236  15.195418 19.888145  1
25.914378  14.948102 19.406707  1
25.954749  14.638435 18.456719  1
25.113882  14.391117 17.975280  1
25.154253  14.081450 17.025293  1
24.313395  13.834134 16.543854  2
27.434618  16.681404 24.169535  2
26.593750  16.434087 23.688096  1
26.634121  16.124419 22.738108  1
25.793263  15.877103 22.256669  1
25.833635  15.567436 21.306682  1
24.992767  15.320119 20.825243  1
25.033139  15.010452 19.875255  1
24.192281  14.763135 19.393816  1
24.232652  14.453468 18.443829  1
23.391784  14.206151 17.962390  1
23.432156  13.896484 17.012402  1
22.591298  13.649167 16.530963  1
22.631670  13.339500 15.580976  1
21.790802  13.092183 15.099537  1
21.831173  12.782516 14.149549  1
20.990306  12.535198 13.668110  1
21.030677  12.225531 12.718123  1
20.189819  11.978215 12.236684  1
20.230191  11.668548 11.286696  1
19.389323  11.421230 10.805257  1
19.429694  11.111563 9.855270  1
18.588837  10.864247 9.373831  1
25.712520  16.496437 24.156645  1
24.871653  16.249120 23.675206  2
25.672149  16.806104 25.106632  1
24.790910  16.868454 25.575181  1
23.950052  16.621138 25.093742  1
23.990423  16.311471 24.143754  1
23.149556  16.064153 23.662316  1
23.189927  15.754486 22.712328  1
22.349069  15.507170 22.230889  1
22.389441  15.197503 21.280901  1
21.548573  14.950185 20.799463  1
21.588944  14.640518 19.849475  2
45.369870  3.595682 14.787259  1
45.004499  3.934659 15.654212  1
44.605146  4.850064 15.704719  1
44.571164  5.426492 14.888273  1
44.171811  6.341897 14.938780  1
44.137827  6.918324 14.122343  1
43.738474  7.833729 14.172850  1
43.704492  8.410157 13.356404  1
43.305139  9.325562 13.406911  1
43.271157  9.901990 12.590465  1
42.871804  10.817395 12.640972  1
42.837820  11.393821 11.824535  1
42.438467  12.309227 11.875042  1
42.404484  12.885654 11.058596  1
42.005132  13.801060 11.109103  1
41.971147  14.377486 10.292667  1
41.571795  15.292891 10.343173  1
41.537812  15.869319 9.526728  1
41.138459  16.784724 9.577234  1
41.104475  17.361151 8.760798  1
40.705122  18.276556 8.811305  1
40.671140  18.852984 7.994859  1
40.271787  19.768389 8.045366  2
41.036509  18.514005 7.127916  1
41.002526  19.090433 6.311470  1
40.603174  20.005838 6.361977  1
40.569189  20.582265 5.545540  1
40.169837  21.497670 5.596047  1
40.135854  22.074098 4.779601  1
39.736501  22.989503 4.830108  1
39.702517  23.565930 4.013672  1
39.303164  24.481335 4.064178  1
39.269182  25.057763 3.247733  2
49.686520  10.036868 6.658384  1
49.999663  10.972669 6.820332  1
49.335439  11.697810 7.001931  1
48.358073  11.487150 7.021583  1
47.693850  12.212291 7.203182  1
46.716492  12.001637 7.222835  1
46.052268  12.726778 7.404435  1
45.074902  12.516118 7.424087  1
44.410679  13.241259 7.605686  1
43.433313  13.030599 7.625338  1
42.769090  13.755739 7.806937  1
41.791731  13.545086 7.826590  1
41.127508  14.270227 8.008190  1
40.150142  14.059567 8.027842  1
39.485919  14.784708 8.209441  1
38.508560  14.574054 8.229094  1
37.844337  15.299195 8.410693  1
36.866971  15.088535 8.430345  1
36.202747  15.813676 8.611945  1
35.225389  15.603023 8.631597  1
34.561166  16.328163 8.813197  1
33.583800  16.117503 8.832849  1
32.919576  16.842644 9.014448  2
33.270665  15.181709 8.670902  1
32.293299  14.971050 8.690554  1
31.629075  15.696190 8.872154  1
30.651717  15.485537 8.891806  1
29.987493  16.210678 9.073406  1
29.010128  16.000018 9.093058  1
28.345904  16.725158 9.274657  1
27.368546  16.514505 9.294310  1
26.704322  17.239646 9.475909  1
25.726956  17.028986 9.495561  2
7.985816  0.669122 17.471601  1
7.289680  1.590811 16.484970  1
6.115321  2.394369 17.081294  1
5.406185  3.338619 16.108312  1
5.851084  3.419953 14.771827  1
5.153845  4.219630 13.865259  1
5.373098  4.393749 12.515119  3
6.094153  3.926139 11.995082  4
4.391007  5.192321 11.997416  1
4.143879  5.511035 10.602861  1
5.089898  5.405681 9.609981  1
4.854325  5.706255 8.318316  3
3.613081  6.091533 7.948951  1
3.366667  6.401691 6.600234  1
4.531221  6.480749 5.610027  1
4.349285  5.497923 4.444329  1
4.785124  7.929017 5.115194  1
5.158405  8.947481 6.210620  1
6.455872  8.639990 6.946992  1
2.054925  6.691666 6.173214  1
1.004969  6.740091 7.080012  1
1.257311  6.507703 8.429257  1
2.557721  6.190597 8.885563  1
2.851226  5.959916 10.253862  1
1.800534  6.100791 11.359164  1
2.374562  6.421908 12.761027  1
3.566050  5.575195 13.031830  1
4.047267  4.975757 14.221545  1
3.636301  4.959420 15.561721  1
4.300061  4.130468 16.499312  1
3.733496  4.128692 17.901278  1
2.629100  3.075913 18.083721  1
2.038502  3.025852 19.511960  1
3.127470  2.676681 20.529527  1
1.298071  4.334677 19.852177  1
0.663940  4.358110 21.234866  1
8.716007  0.049229 16.937482  4
7.276380  0.001078 17.966857  4
8.528275  1.239539 18.231080  4
6.924070  0.974870 15.653725  4
8.044439  2.275974 16.079174  4
6.487565  2.979702 17.930106  4
5.375941  1.678891 17.462833  4
6.702086  2.854261 14.418222  4
6.106367  5.081847 9.813611  4
5.454658  6.149702 6.096796  4
3.495140  5.744695 3.806086  4
4.201483  4.478958 4.821955  4
5.245006  5.484532 3.813052  4
3.895781  8.307219 4.593950  4
5.591637  7.916578 4.370971  4
4.343792  9.037068 6.937633  4
5.260467  9.937009 5.746085  4
6.452514  7.642432 7.388638  4
6.604061  9.354495 7.764218  4
7.318475  8.713941 6.277597  4
1.847890  6.892597 5.123775  4
0.000061  6.968698 6.748553  4
0.416756  6.558300 9.111601  4
1.239891  5.157712 11.402425  4
1.093618  6.902649 11.120062  4
1.598722  6.281014 13.519939  4
2.681357  7.475674 12.793377  4
2.785510  5.564432 15.865070  4
3.330723  5.128108 18.108868  4
4.546957  3.994940 18.617804  4
3.023078  2.083551 17.829926  4
1.816296  3.263963 17.368550  4
1.299913  2.211917 19.528975  4
3.892744  3.456084 20.585295  4
3.618348  1.736090 20.256554  4
2.717074  2.550272 21.534533  4
0.507584  4.497031 19.108303  4
1.977407  5.189868 19.783574  4
-0.000116  3.501905 21.383473  4
0.075189  5.273370 21.356132  4
1.423948  4.355778 22.021905  4
41.148378  25.810662 38.302084  1
40.098119  26.912456 38.204345  1
39.238772  27.015479 39.476414  1
38.147984  28.095254 39.492809  1
36.802823  27.702687 39.639113  1
36.525085  26.357197 39.657368  2
35.744321  28.637822 39.774452  1
34.394738  28.256945 39.946452  1
33.394160  29.222508 40.052623  1
33.737399  30.571010 40.021088  1
35.049753  30.995465 39.886093  1
35.313343  32.305415 39.879584  3
36.592777  32.734511 39.719282  1
36.760792  34.241330 39.694489  1
36.958314  34.926338 41.069117  1
38.204556  34.447898 41.817454  1
37.041646  36.448292 40.886864  1
37.684908  31.841468 39.562208  1
39.027787  32.257717 39.395617  1
40.085280  31.344728 39.345388  1
41.531846  31.797823 39.265798  1
42.437754  31.202778 40.377575  1
43.909669  31.688130 40.331624  1
44.759367  31.111411 41.477023  1
44.583244  31.305507 39.013781  1
39.762449  29.990584 39.339326  1
38.451405  29.490453 39.463618  1
37.399741  30.453602 39.589387  1
36.065467  30.012099 39.748775  1
41.885227  25.929730 37.499695  4
40.693404  24.821851 38.196220  4
41.689040  25.846518 39.254166  4
39.467197  26.742660 37.325925  4
40.641309  27.835502 38.003791  4
39.876043  27.184800 40.354091  4
38.797937  26.025517 39.644949  4
35.768490  26.211467 39.064741  4
34.105171  27.214343 40.009087  4
32.354169  28.923123 40.164083  4
32.950152  31.321025 40.105644  4
35.841872  34.654548 39.246058  4
37.551159  34.533576 39.001002  4
36.085371  34.716701 41.700376  4
39.075046  34.391399 41.160212  4
38.035443  33.461755 42.261087  4
38.473391  35.132767 42.628769  4
37.953521  36.737828 40.352453  4
37.051479  36.952410 41.860131  4
36.182049  36.830151 40.326833  4
39.272973  33.309616 39.328624  4
41.579837  32.892315 39.315367  4
41.906552  31.511251 38.276098  4
42.433618  30.108326 40.301693  4
42.004456  31.443525 41.357212  4
43.924716  32.781028 40.427251  4
44.615460  30.031363 41.587387  4
44.527399  31.591535 42.432768  4
45.828596  31.278124 41.289193  4
44.550338  30.221146 38.862763  4
45.634538  31.613732 39.010712  4
44.103160  31.792871 38.162472  4
40.601059  29.305361 39.251217  4
9.925831  22.650443 29.728665  1
11.162445  23.518751 29.893168  1
10.860709  24.986532 29.589173  1
12.084209  25.897283 29.724667  1
12.627984  26.054522 31.130216  1
13.674741  25.189552 31.496663  1
14.272924  25.137780 32.769913  1
13.811066  26.044089 33.751294  1
12.760193  26.931123 33.376432  1
12.159875  26.957463 32.090855  1
11.007198  27.910287 31.848605  1
11.253637  29.027113 30.839068  1
14.389299  26.040223 35.036376  1
13.958233  26.909070 35.972816  3
14.556272  26.877993 37.181319  1
14.296992  27.681542 38.317263  1
15.163847  27.285426 39.312453  1
15.935750  26.267522 38.812593  3
16.662234  25.785660 39.324079  4
15.580207  25.999951 37.511470  1
16.047320  25.072891 36.565442  1
17.076897  24.157781 36.853670  1
17.495586  23.262857 35.869821  1
16.899252  23.271403 34.603193  1
17.302675  22.370254 33.610701  1
16.660689  22.400304 32.385304  1
17.061521  21.453344 31.269314  1
15.935369  21.026604 30.291328  1
15.358091  22.180641 29.472541  1
16.450554  19.980357 29.299680  1
15.708934  23.318227 32.118786  3
15.291268  24.206279 33.052581  1
15.866601  24.199589 34.317653  1
15.423260  25.114106 35.303183  1
10.191924  21.593772 29.830121  4
9.465064  22.794183 28.746443  4
9.182403  22.888065 30.496368  4
11.949207  23.158476 29.220045  4
11.530017  23.405154 30.917885  4
10.043196  25.343519 30.224832  4
10.506309  25.058445 28.551822  4
11.837354  26.865944 29.297339  4
12.883116  25.526317 29.067402  4
14.032991  24.506923 30.734141  4
12.388356  27.622685 34.136554  4
10.735494  28.394578 32.795715  4
10.125385  27.327944 31.558964  4
12.058156  29.690944 31.167247  4
10.341611  29.621956 30.719948  4
11.518397  28.673179 29.843637  4
13.555681  28.464465 38.388922  4
15.298204  27.637854 40.326270  4
17.553670  24.127853 37.828242  4
18.288686  22.555974 36.104418  4
18.097451  21.655069 33.796928  4
17.459804  20.538850 31.731253  4
17.889742  21.911012 30.714244  4
15.119726  20.575512 30.871553  4
16.143307  22.776015 28.996931  4
14.760516  22.829367 30.098293  4
14.667044  21.825486 28.702341  4
17.295341  20.369674 28.720831  4
15.661653  19.703270 28.590188  4
16.770436  19.069739 29.812858  4
38.269563  4.612116 4.603930  1
38.374639  3.442953 3.647549  1
36.976233  2.832598 3.416715  1
36.195157  3.983847 2.708740  1
35.899787  5.125589 3.709058  1
37.036284  5.376183 4.704252  1
36.771120  6.247628 5.802015  1
37.735486  6.282093 6.805981  1
38.946248  5.588212 6.549912  1
39.333574  4.791905 5.492618  1
39.873210  5.766487 7.546604  1
41.159163  5.324681 7.492341  1
41.553823  4.451994 6.465668  1
40.588705  4.218646 5.479622  3
37.498671  7.059591 8.042485  1
38.533294  7.167438 9.042564  1
39.653942  6.505604 8.707146  1
35.655417  6.976436 5.965508  3
35.500538  7.745233 7.103507  1
36.391400  7.851956 8.212820  1
36.342080  8.789737 9.386381  1
37.543356  9.007836 10.165017  1
38.642221  8.187229 10.007808  1
39.975507  8.517692 10.442755  1
41.088115  7.684031 10.265944  1
40.880651  6.722620 9.297525  1
35.275833  9.607746 9.777556  1
35.357472  10.618953 10.701315  3
36.565305  10.893526 11.257249  1
37.693891  10.149271 10.977937  1
39.061532  10.564067 11.494705  1
40.228853  10.000209 10.682946  1
36.361011  2.281957 4.752999  1
37.204252  1.175998 5.428932  1
36.651987  0.690908 6.778507  1
36.570034  1.795830 7.823406  1
34.956911  3.576519 1.888865  1
35.277281  2.632350 0.729717  1
42.903141  3.784048 6.288495  1
43.637777  3.287096 7.563257  1
44.946264  2.589057 7.243891  1
44.006965  4.366298 8.557867  1
40.558060  10.789991 9.348112  1
39.503195  10.990281 8.233680  1
39.126240  9.763868 7.449195  1
36.565808  11.995730 12.288829  1
36.842019  13.390544 11.707309  1
36.847160  14.500125 12.786470  1
37.940791  14.253675 13.831377  1
36.986672  15.926492 12.195027  1
38.323968  16.205354 11.498765  1
38.424563  17.626145 10.962713  1
41.748372  5.987234 8.550622  3
33.874836  9.401444 9.274759  1
39.040137  2.670900 4.044449  4
38.823783  3.778087 2.705615  4
37.090298  1.985184 2.734117  4
36.875928  4.416340 1.958529  4
34.991314  4.878746 4.273617  4
35.701602  6.051701 3.154676  4
34.604251  8.348344 7.041599  4
42.085479  7.937236 10.605856  4
39.170457  11.653644 11.503200  4
39.148517  10.217409 12.532497  4
41.135932  10.100991 11.305273  4
35.348275  1.904535 4.576536  4
36.248995  3.091393 5.478036  4
38.226072  1.525463 5.612634  4
37.278975  0.317553 4.752101  4
37.311095  -0.098792 7.164419  4
35.664919  0.236298 6.642559  4
37.541563  2.283334 7.955735  4
36.258500  1.389587 8.790986  4
35.837292  2.555715 7.539117  4
34.519462  4.483338 1.447250  4
34.188241  3.132849 2.527793  4
35.936341  3.114631 -0.001660  4
34.358205  2.348701 0.206008  4
35.758452  1.711034 1.066094  4
43.542855  4.451934 5.699707  4
42.732921  2.896740 5.658311  4
42.972664  2.584621 8.080437  4
45.618669  3.260438 6.699460  4
44.776799  1.683137 6.663774  4
45.445484  2.307878 8.180235  4
44.308543  5.293675 8.048857  4
44.777711  4.123186 9.290285  4
43.140128  4.447582 9.205398  4
41.451659  10.348517 8.884557  4
40.853163  11.805790 9.645672  4
39.881632  11.692036 7.488290  4
38.599111  11.432814 8.665575  4
39.940191  9.068569 7.234010  4
38.473521  9.915670 6.588439  4
38.443879  9.283509 8.086670  4
37.290783  11.739647 13.070417  4
35.588078  11.980463 12.781263  4
36.082572  13.616776 10.948722  4
37.804607  13.386918 11.184172  4
35.877720  14.467568 13.303177  4
38.902653  14.043716 13.351570  4
37.692433  13.402614 14.471869  4
38.066229  15.123340 14.484370  4
36.867951  16.648437 13.015390  4
36.158109  16.116917 11.501872  4
38.474919  15.503660 10.672834  4
39.148899  16.065807 12.204987  4
37.665532  17.827366 10.200653  4
39.409784  17.778167 10.508356  4
38.312846  18.357664 11.769163  4
42.724849  6.101132 8.735860  4
33.156707  9.812031 9.984966  4
33.654628  8.332003 9.185509  4
33.734318  9.903756 8.313871  4
34.564633  34.847118 11.331179  1
34.711991  33.459583 11.062461  1
35.965368  32.779543 11.604363  1
36.866803  33.586536 12.593931  1
36.771861  35.095269 12.394016  1
35.588245  35.633496 11.909655  1
33.342770  35.462997 11.001543  1
32.330441  34.761477 10.343567  1
32.560573  33.467466 9.822540  1
33.736138  32.772024 10.252597  1
31.048194  35.361563 10.193648  1
30.051755  34.723944 9.454497  1
30.491400  33.627273 8.674027  1
31.670380  32.983649 8.929560  3
30.791435  36.635521 10.756066  1
29.479655  37.156998 10.853741  1
28.401049  36.330681 10.436460  1
28.707747  35.222880 9.621132  1
33.141669  36.835241 11.308700  1
31.854643  37.407470 11.200918  1
35.445453  37.039579 12.033287  1
34.205281  37.625441 11.714088  1
37.768580  35.856518 12.934417  3
37.652984  37.209460 13.014816  1
36.496512  37.825445 12.557945  1
26.977839  36.275637 10.704255  1
26.449953  35.324897 9.852904  1
27.493829  34.786319 9.143430  3
26.094414  36.870595 11.644178  1
24.716960  36.499136 11.723322  1
24.216693  35.560505 10.786336  1
25.092462  34.999965 9.824878  1
31.643590  38.769941 11.540273  1
30.338795  39.283999 11.609754  1
29.261383  38.462499 11.323040  1
34.008649  39.023167 11.812440  1
32.732171  39.583292 11.769906  1
36.273184  39.307184 12.721166  1
35.201666  39.906750 11.848648  1
33.964818  31.275135 9.872674  1
32.688560  30.422801 9.736906  1
34.895765  31.104039 8.639480  1
35.174581  29.657407 8.174397  1
35.823732  28.760864 9.221298  1
29.737613  33.161940 7.442257  1
30.585071  33.199280 6.152643  1
29.827241  32.724056 4.889182  1
28.588324  33.579923 4.599302  1
27.804408  33.227417 3.323739  1
26.596144  34.184838 3.111878  1
27.054537  35.644270 2.898259  1
25.913006  36.628351 2.688346  1
25.709896  33.702548 1.956143  1
22.799991  35.000622 10.747779  1
21.850346  35.762197 9.813242  1
20.486930  35.090247 9.690217  1
23.935441  37.043602 12.923854  1
22.736674  37.957754 12.624677  1
22.040468  38.566875 13.870941  1
20.824832  39.412479 13.440134  1
21.622770  37.519866 14.922982  1
20.698003  36.431590 14.394202  1
38.885419  37.921764 13.575639  1
38.683894  39.175405 14.453005  1
39.950291  39.928107 14.881630  1
39.538517  41.217770 15.611745  1
40.855161  39.068286 15.743856  1
38.302790  32.990750 12.570293  1
39.321329  33.630274 13.512533  1
36.567360  32.461098 10.747899  4
35.657410  31.872252 12.144388  4
36.465111  33.413619 13.604499  4
27.367047  34.028407 8.489700  4
26.512489  37.542875 12.390647  4
24.733360  34.257661 9.116953  4
30.174324  40.313709 11.890888  4
28.256509  38.875891 11.382406  4
32.613386  40.652560 11.901862  4
36.017387  39.488533 13.774974  4
37.169259  39.845627 12.419300  4
35.585763  40.010705 10.825248  4
34.962467  40.913028 12.210999  4
34.478127  30.820965 10.728021  4
32.117379  30.657380 8.834431  4
32.039391  30.539898 10.610494  4
32.931598  29.356713 9.670100  4
35.862904  31.578194 8.842632  4
34.469380  31.648574 7.787774  4
35.835715  29.692942 7.298326  4
34.248759  29.186283 7.825885  4
36.798609  29.149831 9.530295  4
35.980477  27.755310 8.812542  4
35.193897  28.655511 10.108126  4
28.892872  33.825363 7.264874  4
29.344975  32.155817 7.619360  4
31.481002  32.580100 6.277599  4
30.942872  34.225447 5.985181  4
29.541348  31.673329 5.006980  4
30.517005  32.775650 4.036123  4
28.917999  34.621571 4.564318  4
27.886504  33.483547 5.432996  4
27.427986  32.200449 3.420746  4
28.458153  33.244108 2.443022  4
25.981984  34.151328 4.021690  4
27.742522  35.699731 2.046227  4
27.607812  35.993213 3.775902  4
25.373860  36.428429 1.758870  4
26.305603  37.648181 2.625414  4
25.205742  36.587047 3.522707  4
26.221863  33.790798 0.992407  4
24.783829  34.286302 1.900026  4
25.410332  32.659297 2.095608  4
22.388854  34.922767 11.758543  4
22.859409  33.959524 10.391927  4
22.286934  35.868690 8.812962  4
21.692128  36.777039 10.181729  4
20.563091  34.089287 9.252312  4
19.834441  35.688086 9.044025  4
20.000521  35.004246 10.667036  4
24.621870  37.609345 13.570664  4
23.624605  36.183560 13.527781  4
21.986836  37.384770 12.082659  4
23.053026  38.775474 11.964606  4
22.742886  39.251153 14.365674  4
20.244810  38.923844 12.649326  4
21.149636  40.384797 13.055016  4
20.144813  39.604703 14.278718  4
21.125616  38.031653 15.757252  4
22.515085  37.053563 15.357640  4
19.984069  36.814833 13.660370  4
20.127599  35.989523 15.216865  4
21.272875  35.629494 13.922055  4
39.533821  38.169095 12.726181  4
39.434394  37.186436 14.178722  4
38.062137  38.918109 15.318866  4
38.150366  39.950074 13.920161  4
40.506629  40.229764 13.984049  4
38.782185  41.022816 16.380280  4
39.107707  41.937876 14.904125  4
40.395692  41.702228 16.088281  4
40.286559  38.560398 16.528348  4
41.635358  39.673005 16.215303  4
41.349786  38.310051 15.128939  4
38.706796  33.027403 11.551570  4
38.231852  31.928983 12.842359  4
39.707944  34.568812 13.102846  4
40.194659  32.982960 13.634551  4
38.893432  33.821510 14.501598  4
40.639978  8.477465 23.999306  1
41.993699  8.905565 24.015979  1
42.906971  8.225412 24.866521  1
42.504431  7.181389 25.701302  1
41.145930  6.864324 25.740779  1
40.173951  7.470969 24.892477  1
39.725903  9.065901 23.083656  1
40.183966  10.151109 22.301698  1
41.447312  10.590098 22.355868  3
42.352219  9.977047 23.163701  1
38.784015  7.104815 24.903771  1
37.900361  7.645815 23.928906  1
38.393719  8.607461 22.986495  1
37.585907  9.175019 21.964726  1
37.998555  10.274500 21.210576  1
39.263650  10.816439 21.479888  1
37.012338  10.942622 20.252436  1
37.354745  12.420922 19.950395  1
38.292485  13.066384 20.981225  1
39.579670  12.216453 20.993539  1
38.219699  6.226863 25.877006  1
36.856992  5.896958 25.945586  1
36.026531  6.408102 24.962782  1
36.537231  7.247855 23.974602  1
43.762501  10.539634 23.037890  1
43.902182  12.022069 23.459677  1
43.538458  12.220573 24.931357  1
45.329522  12.543184 23.235796  1
43.519027  6.388924 26.515228  1
44.032803  5.121240 25.790746  1
45.064556  4.284366 26.594595  1
44.496860  3.732676 27.904158  1
45.621672  3.117892 25.761235  1
37.625676  13.225696 22.372788  1
38.525298  13.894046 23.421863  1
37.854226  14.005991 24.794997  1
36.584979  14.842412 24.774038  1
36.884656  10.130687 18.940948  1
35.787433  10.636167 18.008047  1
34.694230  6.116545 24.996994  2
36.337641  5.050479 27.085436  1
36.404736  3.548412 26.804313  1
35.882324  2.726375 27.976678  1
43.954840  8.504078 24.887798  4
40.846042  6.092320 26.444556  4
36.579465  8.815526 21.788626  4
36.034499  10.943728 20.755063  4
36.428526  13.000938 19.846828  4
37.852169  12.487692 18.972279  4
38.543032  14.072311 20.619581  4
40.311235  12.708012 21.642114  4
40.021719  12.164729 19.992521  4
38.850090  5.812354 26.663743  4
35.832784  7.634632 23.244904  4
44.051842  10.440289 21.982174  4
44.493103  9.943405 23.588236  4
43.227975  12.635511 22.848269  4
44.200528  11.636405 25.579775  4
42.506871  11.918690 25.131559  4
43.634039  13.274579 25.213336  4
46.058524  11.992117 23.840661  4
45.399997  13.600198 23.521172  4
45.628283  12.466406 22.185672  4
43.060977  6.126160 27.476119  4
44.369881  7.038552 26.752586  4
44.504977  5.431636 24.849064  4
43.183947  4.483467 25.511597  4
45.913505  4.932117 26.845262  4
43.585455  3.149928 27.734972  4
44.268793  4.540480 28.604667  4
45.224545  3.077616 28.398611  4
44.828396  2.453036 25.402504  4
46.315974  2.510120 26.355857  4
46.179436  3.485122 24.893603  4
37.299674  12.260834 22.775929  4
36.711789  13.815724 22.242654  4
38.824030  14.889781 23.074629  4
39.445044  13.313727 23.557293  4
38.564288  14.456577 25.499232  4
37.624120  13.004469 25.178132  4
36.778222  15.834547 24.354481  4
36.195512  14.967553 25.788580  4
35.800715  14.362442 24.181395  4
36.681942  9.075638 19.163105  4
37.841170  10.150931 18.402489  4
34.798142  10.491341 18.453064  4
35.814564  10.084572 17.061902  4
35.904791  11.697200 17.769437  4
34.239029  6.637205 24.314041  4
35.309044  5.345261 27.327830  4
36.921529  5.282780 27.986057  4
37.440631  3.252901 26.600767  4
35.820568  3.304230 25.909439  4
36.431419  2.951237 28.896958  4
35.997936  1.657254 27.769567  4
34.819628  2.920597 28.155207  4
%endblock AtomicCoordinatesAndAtomicSpecies
